0,014400
0,116000
0,305600
0,356000
0,354400
0,372800
0,372800
0,384000
0,390400
0,395200
0,394400
0,431200
0,434400
0,452000
0,460000
0,464800
0,447200
0,431200
0,411200
0,413600
0,404000
0,391200
0,384800
0,387200
0,371200
0,362400
0,339200
0,338400
0,346400
0,381600
0,376800
0,377600
0,382400
0,381600
0,379200
0,376000
0,363200
0,379200
0,385600
0,391200
0,379200
0,362400
0,319200
0,340000
0,332000
0,324000
0,329600
0,319200
0,316000
0,301600
0,306400
0,274400
0,283200
0,308800
0,314400
0,302400
0,301600
0,305600
0,304800
0,328800
0,313600
0,301600
0,300000
0,327200
0,313600
0,320800
0,304800
0,356800
0,357600
0,356800
0,376000
0,366400
0,364800
0,376800
0,390400
0,385600
0,388800
0,350400
0,312800
0,324800
0,312800
0,308000
0,320000
0,345600
0,372000
0,388800
0,394400
0,412800
0,397600
0,390400
0,379200
0,386400
0,362400
0,387200
0,365600
0,353600
0,348800
0,330400
0,352000
0,370400
0,366400
0,352000
0,382400
0,404800
0,404800
0,401600
0,377600
0,384000
0,377600
0,380800
0,368800
0,375200
0,393600
0,396800
0,396800
0,382400
0,360800
0,335200
0,357600
0,346400
0,356000
0,330400
0,323200
0,325600
0,352800
0,359200
0,356800
0,350400
0,371200
0,380800
0,384800
0,354400
0,347200
0,353600
0,354400
0,376000
0,380000
0,417600
0,427200
0,440800
0,456000
0,456800
0,476000
0,464800
0,450400
0,454400
0,444800
0,478400
0,483200
0,491200
0,537600
0,538400
0,548000
0,540800
0,544000
0,521600
0,509600
0,473600
0,476000
0,436000
0,411200
0,422400
0,425600
0,403200
0,381600
0,393600
0,359200
0,392800
0,382400
0,364000
0,369600
0,389600
0,394400
0,389600
0,395200
0,391200
0,380000
0,397600
0,396800
0,391200
0,399200
0,379200
0,378400
0,365600
0,358400
0,356000
0,361600
0,349600
0,330400
0,320800
0,324000
0,316800
0,320000
0,321600
0,313600
0,291200
0,289600
0,284800
0,302400
0,305600
0,303200
0,321600
0,327200
0,315200
0,316800
0,347200
0,357600
0,324800
0,344800
0,368000
0,375200
0,411200
0,396800
0,368000
0,365600
0,320800
0,316000
0,312800
0,320000
0,331200
0,307200
0,306400
0,328000
0,356000
0,360800
0,382400
0,380800
0,384000
0,406400
0,386400
0,386400
0,397600
0,366400
0,380800
0,340000
0,355200
0,349600
0,376800
0,367200
0,390400
0,420000
0,416000
0,407200
0,411200
0,407200
0,416800
0,424000
0,476000
0,479200
0,473600
0,427200
0,427200
0,435200
0,454400
0,481600
0,488800
0,486400
0,486400
0,500800
0,502400
0,547200
0,549600
0,568000
0,570400
0,580000
0,583200
0,576000
0,576000
0,569600
0,588800
0,595200
0,584800
0,589600
0,597600
0,606400
0,608800
0,611200
0,632000
0,624800
0,618400
0,611200
0,612800
0,608000
0,626400
0,634400
0,621600
0,660800
0,679200
0,693600
0,687200
0,661600
0,656800
0,665600
0,632800
0,635200
0,651200
0,662400
0,672000
0,652000
0,648000
0,668000
0,660000
0,652800
0,644800
0,648000
0,628800
0,634400
0,639200
0,637600
0,663200
0,658400
0,668800
0,682400
0,676000
0,687200
0,678400
0,683200
0,668000
0,657600
0,652800
0,638400
0,618400
0,613600
0,618400
0,668000
0,656800
0,627200
0,643200
0,678400
0,677600
0,692000
0,695200
0,685600
0,653600
0,632000
0,620000
0,612000
0,641600
0,656000
0,661600
0,668000
0,688800
0,683200
0,648800
0,620800
0,606400
0,620800
0,614400
0,632000
0,615200
0,603200
0,594400
0,596800
0,597600
0,556000
0,558400
0,578400
0,591200
0,592000
0,596000
0,613600
0,645600
0,660000
0,665600
0,667200
0,686400
0,712800
0,732000
0,752800
0,775200
0,781600
0,807200
0,824800
0,857600
0,891200
0,901600
0,920800
0,948000
0,978400
0,999200
1,000000
1,000000
0,999200
0,999200
0,999200
0,999200
1,000000
1,000000
0,999200
0,999200
1,000000
0,998400
0,998400
1,000000
0,998400
0,999200
0,998400
0,998400
1,000000
1,000000
1,000000
0,997600
1,000000
1,000000
1,000000
1,000000
0,999200
0,999200
1,000000
0,999200
0,998400
0,999200
1,000000
1,000000
1,000000
0,999200
0,997600
1,000000
0,998400
0,999200
0,998400
1,000000
0,999200
0,999200
0,999200
1,000000
0,999200
0,999200
1,000000
0,999200
0,999200
0,999200
0,999200
0,999200
1,000000
0,999200
0,999200
1,000000
1,000000
1,000000
0,999200
0,999200
0,998400
0,998400
1,000000
1,000000
0,998400
1,000000
0,999200
0,999200
0,998400
0,999200
1,000000
1,000000
0,998400
1,000000
1,000000
1,000000
0,999200
0,999200
1,000000
1,000000
0,999200
1,000000
1,000000
1,000000
0,998400
0,998400
1,000000
0,999200
0,998400
0,998400
1,000000
0,999200
1,000000
1,000000
1,000000
1,000000
0,999200
0,999200
0,999200
0,999200
0,999200
1,000000
1,000000
0,998400
1,000000
0,998400
0,999200
0,999200
1,000000
0,999200
1,000000
0,999200
0,999200
0,999200
1,000000
1,000000
1,000000
0,999200
0,999200
0,998400
1,000000
0,999200
1,000000
0,999200
1,000000
1,000000
1,000000
0,999200
1,000000
1,000000
1,000000
0,999200
1,000000
0,999200
0,999200
1,000000
1,000000
1,000000
0,999200
1,000000
0,999200
0,996000
0,999200
0,999200
0,999200
0,999200
1,000000
0,997600
0,999200
0,999200
0,999200
0,999200
0,999200
0,999200
0,999200
0,999200
0,998400
1,000000
0,995200
1,000000
0,999200
1,000000
0,997600
1,000000
0,998400
0,998400
0,999200
1,000000
0,999200
1,000000
0,999200
1,000000
0,997600
1,000000
0,999200
1,000000
1,000000
0,999200
1,000000
0,999200
1,000000
1,000000
0,998400
1,000000
1,000000
0,997600
0,999200
1,000000
1,000000
0,999200
1,000000
1,000000
0,999200
1,000000
1,000000
0,999200
0,998400
0,998400
0,998400
0,999200
0,999200
0,997600
0,999200
1,000000
1,000000
1,000000
0,999200
1,000000
1,000000
0,999200
1,000000
1,000000
0,999200
1,000000
1,000000
1,000000
1,000000
1,000000
1,000000
1,000000
1,000000
0,998400
1,000000
1,000000
0,999200
0,999200
0,997600
0,999200
0,999200
1,000000
0,997600
0,998400
0,997600
0,999200
1,000000
1,000000
1,000000
0,999200
0,998400
1,000000
0,999200
1,000000
1,000000
1,000000
0,999200
1,000000
0,999200
0,999200
0,998400
0,999200
1,000000
1,000000
1,000000
1,000000
0,999200
0,998400
0,999200
1,000000
1,000000
0,997600
1,000000
0,998400
0,999200
0,997600
0,998400
1,000000
1,000000
1,000000
0,996800
1,000000
0,997600
0,998400
1,000000
0,998400
1,000000
0,996800
0,997600
1,000000
0,999200
0,999200
1,000000
1,000000
0,999200
0,999200
0,999200
0,998400
0,998400
0,999200
1,000000
1,000000
0,999200
1,000000
0,998400
1,000000
0,998400
0,998400
0,997600
0,999200
1,000000
1,000000
1,000000
0,998400
0,999200
0,999200
1,000000
1,000000
0,997600
0,999200
1,000000
0,999200
0,998400
0,998400
0,998400
1,000000
1,000000
0,999200
1,000000
0,999200
0,998400
1,000000
0,999200
0,998400
1,000000
0,999200
1,000000
0,998400
0,999200
0,997600
0,999200
0,999200
1,000000
0,999200
0,998400
0,996800
1,000000
0,997600
1,000000
1,000000
0,999200
0,999200
0,999200
0,999200
1,000000
0,998400
1,000000
0,999200
1,000000
0,999200
0,999200
1,000000
1,000000
0,999200
1,000000
0,999200
1,000000
1,000000
1,000000
1,000000
0,997600
0,999200
0,999200
1,000000
1,000000
0,999200
1,000000
0,999200
0,999200
1,000000
0,999200
1,000000
1,000000
0,999200
0,997600
1,000000
1,000000
1,000000
0,996000
0,999200
0,998400
0,999200
0,999200
0,998400
0,999200
0,999200
0,999200
1,000000
0,999200
1,000000
1,000000
0,998400
1,000000
1,000000
1,000000
0,999200
1,000000
0,999200
0,998400
0,999200
1,000000
0,997600
1,000000
0,996800
0,999200
0,998400
0,999200
0,999200
1,000000
0,998400
0,999200
0,999200
1,000000
0,998400
0,997600
1,000000
0,999200
0,999200
0,999200
0,998400
0,999200
1,000000
1,000000
0,999200
0,998400
1,000000
1,000000
0,998400
1,000000
1,000000
0,999200
1,000000
0,998400
1,000000
1,000000
0,999200
0,999200
1,000000
0,999200
0,999200
0,998400
0,998400
0,999200
0,999200
1,000000
1,000000
0,998400
0,998400
0,997600
0,999200
0,999200
0,998400
0,997600
1,000000
0,999200
1,000000
1,000000
0,999200
0,998400
0,999200
1,000000
0,999200
0,996000
1,000000
0,999200
1,000000
1,000000
1,000000
0,999200
0,999200
0,999200
1,000000
0,999200
1,000000
0,999200
0,998400
0,999200
1,000000
1,000000
0,999200
0,998400
1,000000
0,998400
1,000000
1,000000
0,998400
0,999200
1,000000
1,000000
1,000000
1,000000
0,999200
1,000000
1,000000
0,999200
1,000000
1,000000
0,999200
1,000000
1,000000
0,999200
0,998400
0,997600
1,000000
1,000000
0,999200
1,000000
0,999200
0,999200
1,000000
1,000000
1,000000
1,000000
1,000000
0,998400
1,000000
0,998400
1,000000
0,999200
0,999200
0,999200
1,000000
1,000000
0,998400
0,999200
0,998400
1,000000
1,000000
0,998400
1,000000
0,999200
0,998400
0,999200
1,000000
1,000000
1,000000
1,000000
1,000000
0,998400
1,000000
1,000000
0,999200
0,999200
1,000000
1,000000
0,999200
0,998400
1,000000
0,999200
0,999200
0,998400
1,000000
1,000000
0,999200
0,999200
1,000000
1,000000
1,000000
1,000000
1,000000
0,999200
0,999200
0,999200
1,000000
1,000000
0,996800
0,998400
0,999200
0,999200
1,000000
1,000000
0,998400
0,999200
0,999200
0,999200
1,000000
0,998400
1,000000
0,998400
1,000000
0,999200
0,999200
0,999200
0,996800
1,000000
0,998400
0,999200
1,000000
0,998400
0,997600
0,998400
1,000000
0,996800
1,000000
1,000000
0,998400
0,998400
0,997600
0,999200
1,000000
0,999200
0,999200
1,000000
0,999200
0,999200
1,000000
0,998400
0,999200
1,000000
0,999200
0,999200
1,000000
0,999200
0,999200
0,998400
1,000000
0,999200
0,999200
0,998400
0,997600
0,997600
0,998400
1,000000
0,999200
0,999200
0,999200
0,999200
0,998400
0,999200
0,999200
0,999200
0,999200
1,000000
1,000000
0,999200
1,000000
1,000000
1,000000
1,000000
0,998400
1,000000
0,999200
0,999200
0,998400
0,999200
0,999200
0,999200
0,999200
0,998400
0,999200
0,997600
0,999200
0,998400
1,000000
0,999200
0,999200
0,999200
1,000000
0,999200
0,999200
1,000000
0,999200
0,997600
1,000000
0,999200
1,000000
0,999200
0,999200
0,999200
1,000000
0,998400
0,999200
1,000000
1,000000
0,999200
1,000000
0,998400
0,999200
1,000000
0,997600
1,000000
0,999200
1,000000
0,997600
1,000000
0,999200
0,999200
1,000000
1,000000
0,997600
1,000000
0,999200
0,998400
0,999200
1,000000
1,000000
1,000000
1,000000
1,000000
1,000000
1,000000
1,000000
0,998400
1,000000
1,000000
0,999200
1,000000
1,000000
1,000000
1,000000
1,000000
0,999200
0,998400
0,999200
0,998400
0,998400
1,000000
0,999200
0,999200
1,000000
0,998400
0,999200
1,000000
0,999200
1,000000
1,000000
1,000000
0,998400
0,999200
1,000000
0,997600
1,000000
1,000000
1,000000
1,000000
1,000000
1,000000
0,998400
0,998400
0,998400
0,998400
0,998400
1,000000
1,000000
0,998400
0,998400
0,999200
1,000000
1,000000
1,000000
0,999200
0,999200
0,999200
0,999200
0,998400
0,999200
1,000000
1,000000
0,998400
1,000000
1,000000
1,000000
1,000000
1,000000
0,999200
0,998400
1,000000
0,999200
1,000000
0,999200
0,998400
1,000000
1,000000
1,000000
1,000000
0,998400
1,000000
1,000000
0,999200
0,999200
1,000000
1,000000
0,999200
0,999200
0,996800
1,000000
0,999200
0,998400
0,999200
1,000000
1,000000
0,999200
1,000000
0,998400
1,000000
0,998400
1,000000
1,000000
1,000000
1,000000
0,998400
0,998400
0,997600
0,996800
1,000000
0,999200
1,000000
0,998400
1,000000
0,998400
0,999200
0,998400
1,000000
1,000000
1,000000
0,999200
0,999200
0,999200
0,998400
0,996800
1,000000
1,000000
0,997600
0,999200
0,999200
0,999200
0,997600
0,999200
0,999200
1,000000
1,000000
0,999200
1,000000
0,999200
1,000000
0,999200
1,000000
1,000000
0,999200
0,998400
1,000000
1,000000
0,998400
0,999200
0,999200
1,000000
1,000000
0,998400
0,999200
0,999200
0,999200
1,000000
1,000000
0,999200
1,000000
0,996800
0,999200
1,000000
0,998400
1,000000
1,000000
1,000000
1,000000
1,000000
0,998400
0,999200
0,998400
1,000000
1,000000
0,999200
0,999200
0,999200
0,999200
0,997600
0,999200
1,000000
0,999200
1,000000
0,999200
1,000000
1,000000
1,000000
1,000000
0,998400
1,000000
0,998400
0,997600
1,000000
0,999200
1,000000
1,000000
1,000000
0,999200
1,000000
0,999200
1,000000
1,000000
0,999200
0,998400
1,000000
1,000000
1,000000
1,000000
1,000000
1,000000
0,999200
1,000000
0,999200
0,999200
0,999200
1,000000
1,000000
0,999200
0,998400
0,999200
0,999200
0,999200
1,000000
0,999200
1,000000
1,000000
0,999200
1,000000
0,999200
0,999200
1,000000
0,999200
0,998400
1,000000
1,000000
0,999200
1,000000
1,000000
0,999200
0,999200
0,998400
0,998400
0,999200
0,999200
0,998400
0,998400
0,998400
1,000000
0,999200
0,996800
1,000000
0,999200
1,000000
1,000000
0,999200
1,000000
0,999200
0,998400
1,000000
0,999200
0,999200
1,000000
0,998400
0,999200
0,997600
0,999200
0,996000
0,999200
0,999200
0,999200
1,000000
0,999200
0,999200
0,999200
1,000000
1,000000
1,000000
1,000000
1,000000
0,999200
1,000000
1,000000
1,000000
1,000000
0,997600
0,997600
0,999200
0,999200
1,000000
1,000000
1,000000
1,000000
1,000000
1,000000
0,999200
0,998400
1,000000
1,000000
0,999200
0,999200
0,999200
1,000000
0,999200
1,000000
1,000000
0,998400
0,999200
1,000000
0,998400
1,000000
0,999200
1,000000
0,998400
0,999200
0,999200
0,999200
1,000000
1,000000
0,999200
0,998400
1,000000
1,000000
1,000000
1,000000
1,000000
1,000000
0,999200
0,999200
0,998400
1,000000
1,000000
0,998400
0,997600
1,000000
1,000000
1,000000
0,998400
0,999200
1,000000
1,000000
0,999200
1,000000
1,000000
1,000000
1,000000
0,999200
1,000000
0,999200
0,999200
1,000000
0,999200
0,998400
0,998400
0,999200
1,000000
0,998400
1,000000
1,000000
0,999200
0,999200
0,998400
0,996800
1,000000
0,996800
0,999200
1,000000
1,000000
0,999200
1,000000
0,998400
0,998400
1,000000
0,998400
0,999200
1,000000
1,000000
1,000000
1,000000
1,000000
0,999200
0,998400
1,000000
0,999200
0,999200
0,999200
1,000000
0,997600
0,998400
1,000000
0,999200
0,997600
1,000000
0,999200
0,998400
0,999200
1,000000
0,996000
1,000000
0,999200
1,000000
1,000000
1,000000
0,999200
1,000000
1,000000
0,999200
1,000000
1,000000
0,999200
1,000000
1,000000
0,998400
0,999200
0,999200
1,000000
0,999200
1,000000
0,999200
1,000000
0,999200
1,000000
1,000000
0,999200
0,998400
0,999200
0,999200
1,000000
1,000000
0,999200
0,999200
0,999200
1,000000
0,999200
0,998400
0,999200
0,999200
0,998400
1,000000
0,999200
1,000000
0,999200
0,998400
0,999200
1,000000
1,000000
0,999200
1,000000
1,000000
1,000000
0,998400
0,999200
0,998400
1,000000
1,000000
1,000000
0,996800
1,000000
1,000000
0,996000
0,998400
1,000000
0,999200
0,999200
0,999200
1,000000
1,000000
0,999200
0,999200
0,999200
0,998400
1,000000
1,000000
0,999200
0,999200
1,000000
1,000000
0,997600
0,999200
0,997600
0,999200
0,998400
1,000000
1,000000
0,999200
1,000000
1,000000
0,999200
1,000000
0,999200
1,000000
0,999200
1,000000
1,000000
0,997600
0,998400
0,999200
1,000000
0,999200
0,998400
1,000000
1,000000
0,999200
1,000000
1,000000
1,000000
1,000000
1,000000
0,999200
1,000000
1,000000
0,998400
0,998400
0,999200
1,000000
0,998400
0,999200
0,999200
0,999200
1,000000
1,000000
1,000000
1,000000
0,999200
0,998400
0,999200
1,000000
0,999200
0,998400
0,996800
0,999200
1,000000
1,000000
1,000000
1,000000
1,000000
0,999200
0,998400
1,000000
0,999200
0,999200
1,000000
0,999200
0,999200
0,998400
1,000000
1,000000
1,000000
0,999200
1,000000
0,998400
0,999200
1,000000
0,999200
0,998400
0,999200
1,000000
0,998400
1,000000
1,000000
0,996800
1,000000
0,998400
0,999200
1,000000
0,998400
0,999200
1,000000
0,996800
0,999200
1,000000
1,000000
0,999200
1,000000
1,000000
0,999200
0,997600
1,000000
1,000000
0,998400
1,000000
1,000000
1,000000
1,000000
0,998400
1,000000
0,999200
0,998400
1,000000
0,999200
0,999200
0,999200
1,000000
1,000000
1,000000
0,999200
0,999200
1,000000
0,999200
0,999200
1,000000
1,000000
1,000000
1,000000
1,000000
1,000000
1,000000
0,998400
1,000000
0,998400
0,999200
0,998400
1,000000
0,998400
0,999200
0,999200
0,999200
0,999200
0,999200
0,998400
1,000000
1,000000
1,000000
1,000000
0,998400
1,000000
0,998400
1,000000
1,000000
1,000000
0,999200
1,000000
0,999200
1,000000
1,000000
0,999200
1,000000
1,000000
0,999200
0,999200
0,999200
1,000000
0,999200
0,999200
0,998400
1,000000
1,000000
1,000000
0,999200
1,000000
0,999200
0,999200
1,000000
0,999200
1,000000
1,000000
1,000000
0,999200
0,999200
0,998400
0,999200
0,999200
1,000000
0,999200
0,999200
1,000000
1,000000
0,998400
1,000000
1,000000
0,997600
0,998400
0,999200
1,000000
0,999200
0,999200
1,000000
0,998400
1,000000
0,998400
0,996800
1,000000
0,999200
0,999200
0,999200
0,998400
1,000000
1,000000
0,998400
1,000000
0,999200
0,999200
0,998400
0,999200
1,000000
0,999200
0,999200
1,000000
1,000000
1,000000
0,999200
0,999200
0,998400
1,000000
0,998400
0,999200
1,000000
0,999200
0,998400
0,999200
1,000000
1,000000
0,999200
1,000000
0,998400
0,998400
0,996800
0,999200
0,997600
0,998400
1,000000
0,998400
0,999200
1,000000
0,997600
1,000000
1,000000
0,999200
0,999200
1,000000
0,998400
1,000000
1,000000
1,000000
0,998400
1,000000
0,999200
1,000000
0,997600
1,000000
0,999200
0,998400
1,000000
1,000000
1,000000
0,998400
0,998400
0,999200
1,000000
0,999200
0,999200
0,998400
0,997600
0,998400
0,996800
0,998400
1,000000
1,000000
0,998400
0,999200
0,999200
0,998400
0,998400
0,999200
0,999200
0,999200
1,000000
0,998400
1,000000
0,998400
0,999200
0,999200
0,998400
0,999200
1,000000
1,000000
1,000000
1,000000
0,999200
0,997600
0,999200
0,999200
0,997600
0,999200
0,999200
0,999200
1,000000
0,997600
0,999200
0,997600
1,000000
0,998400
0,997600
1,000000
0,999200
0,999200
1,000000
0,997600
0,998400
0,997600
1,000000
0,999200
1,000000
1,000000
0,998400
1,000000
0,998400
0,999200
1,000000
1,000000
0,998400
1,000000
0,998400
1,000000
0,998400
1,000000
0,998400
1,000000
0,999200
0,999200
1,000000
0,999200
0,998400
0,999200
0,999200
0,999200
1,000000
1,000000
0,999200
0,999200
0,998400
0,998400
1,000000
0,999200
0,999200
1,000000
0,998400
0,999200
1,000000
0,999200
1,000000
0,998400
1,000000
0,999200
1,000000
1,000000
1,000000
1,000000
1,000000
0,999200
0,999200
0,999200
0,997600
0,997600
1,000000
0,998400
1,000000
1,000000
1,000000
1,000000
0,999200
0,998400
1,000000
1,000000
0,998400
1,000000
0,998400
0,999200
0,999200
0,998400
0,999200
0,998400
1,000000
0,997600
0,998400
0,998400
1,000000
0,998400
1,000000
1,000000
0,998400
0,999200
0,997600
1,000000
1,000000
1,000000
1,000000
1,000000
0,998400
1,000000
0,999200
0,999200
1,000000
1,000000
0,999200
0,998400
0,998400
0,999200
1,000000
0,999200
0,997600
0,999200
0,999200
1,000000
0,999200
0,998400
1,000000
0,999200
0,999200
0,999200
1,000000
1,000000
1,000000
1,000000
1,000000
0,997600
0,999200
1,000000
0,997600
1,000000
1,000000
1,000000
0,998400
0,997600
1,000000
1,000000
1,000000
0,999200
0,999200
1,000000
0,998400
1,000000
0,999200
0,999200
0,998400
0,997600
1,000000
1,000000
1,000000
0,999200
1,000000
0,999200
0,998400
1,000000
0,999200
0,999200
0,998400
1,000000
1,000000
0,999200
1,000000
1,000000
0,999200
1,000000
0,999200
1,000000
0,997600
1,000000
1,000000
1,000000
0,998400
1,000000
0,999200
0,999200
1,000000
1,000000
0,999200
1,000000
1,000000
0,997600
0,999200
0,997600
0,998400
1,000000
0,998400
1,000000
0,998400
0,998400
1,000000
0,999200
1,000000
1,000000
1,000000
0,999200
1,000000
0,999200
0,999200
0,999200
1,000000
0,999200
0,998400
1,000000
0,999200
1,000000
1,000000
1,000000
0,997600
0,999200
0,998400
0,999200
0,996800
1,000000
0,999200
0,999200
0,999200
0,998400
0,999200
1,000000
1,000000
0,998400
1,000000
0,999200
0,999200
1,000000
0,999200
0,999200
1,000000
0,999200
0,999200
1,000000
0,999200
0,999200
0,999200
1,000000
0,999200
0,999200
1,000000
0,997600
1,000000
1,000000
0,999200
0,999200
0,998400
0,999200
0,999200
1,000000
0,998400
0,999200
0,999200
0,998400
0,999200
1,000000
0,999200
0,998400
0,999200
0,998400
1,000000
0,999200
1,000000
1,000000
1,000000
0,998400
0,999200
0,999200
1,000000
1,000000
1,000000
0,999200
1,000000
1,000000
1,000000
0,999200
0,999200
1,000000
0,999200
0,999200
1,000000
0,999200
1,000000
0,999200
0,996800
1,000000
0,996800
0,999200
0,998400
1,000000
0,998400
0,999200
1,000000
0,997600
0,997600
0,999200
1,000000
0,999200
0,999200
1,000000
0,998400
0,999200
1,000000
1,000000
1,000000
1,000000
0,999200
0,999200
1,000000
0,999200
0,999200
0,998400
1,000000
0,997600
1,000000
1,000000
0,999200
0,999200
1,000000
0,999200
0,998400
0,998400
0,999200
1,000000
1,000000
0,998400
1,000000
1,000000
0,999200
0,997600
1,000000
0,998400
1,000000
0,999200
1,000000
0,996000
1,000000
0,999200
0,998400
0,999200
1,000000
0,997600
0,999200
1,000000
1,000000
1,000000
1,000000
0,998400
1,000000
0,999200
0,999200
1,000000
1,000000
0,999200
0,999200
0,999200
0,999200
1,000000
0,999200
0,999200
0,999200
1,000000
0,998400
1,000000
1,000000
1,000000
0,999200
0,998400
0,999200
0,999200
0,997600
0,998400
1,000000
0,999200
0,999200
0,999200
0,999200
1,000000
0,998400
1,000000
0,999200
1,000000
0,997600
0,998400
0,999200
0,999200
1,000000
1,000000
1,000000
1,000000
0,996000
1,000000
1,000000
1,000000
0,999200
1,000000
1,000000
0,999200
0,999200
1,000000
0,999200
1,000000
1,000000
0,999200
1,000000
1,000000
1,000000
1,000000
1,000000
1,000000
0,999200
0,998400
1,000000
0,999200
0,999200
1,000000
0,998400
0,999200
1,000000
0,999200
0,997600
0,999200
0,999200
0,999200
1,000000
1,000000
0,999200
1,000000
1,000000
1,000000
0,999200
0,999200
1,000000
0,999200
0,999200
0,999200
1,000000
0,998400
1,000000
1,000000
1,000000
1,000000
1,000000
0,999200
1,000000
0,999200
0,998400
1,000000
1,000000
0,999200
1,000000
0,996800
1,000000
0,999200
1,000000
0,997600
0,999200
0,998400
0,999200
1,000000
0,999200
0,997600
0,998400
1,000000
0,998400
1,000000
1,000000
1,000000
1,000000
0,998400
0,999200
0,999200
1,000000
1,000000
1,000000
0,999200
0,996800
1,000000
0,998400
0,999200
0,998400
0,999200
1,000000
1,000000
0,999200
1,000000
1,000000
1,000000
1,000000
0,999200
0,996000
0,999200
0,999200
0,999200
1,000000
0,999200
1,000000
0,999200
0,999200
0,996800
0,999200
0,999200
1,000000
1,000000
1,000000
0,998400
0,999200
1,000000
0,999200
1,000000
0,999200
0,997600
0,999200
0,998400
0,998400
0,999200
0,999200
1,000000
0,999200
0,998400
1,000000
0,999200
0,999200
1,000000
1,000000
0,999200
0,998400
0,997600
0,999200
1,000000
1,000000
1,000000
1,000000
0,996800
1,000000
1,000000
0,999200
0,998400
1,000000
0,999200
0,998400
1,000000
0,998400
0,998400
1,000000
1,000000
0,999200
0,999200
0,998400
0,999200
0,999200
1,000000
1,000000
0,999200
0,999200
0,999200
1,000000
0,998400
0,999200
0,998400
0,999200
1,000000
1,000000
0,999200
0,996800
1,000000
1,000000
1,000000
0,999200
1,000000
1,000000
0,999200
1,000000
0,999200
0,997600
0,999200
0,998400
1,000000
0,997600
0,999200
0,999200
1,000000
1,000000
0,998400
1,000000
0,998400
0,999200
0,999200
0,999200
0,998400
1,000000
0,998400
1,000000
1,000000
0,999200
0,996800
1,000000
1,000000
0,997600
1,000000
0,996800
1,000000
1,000000
0,999200
1,000000
0,999200
1,000000
1,000000
0,999200
0,999200
0,999200
0,999200
0,999200
0,999200
0,999200
1,000000
1,000000
0,996800
0,998400
1,000000
0,999200
1,000000
0,997600
0,998400
1,000000
1,000000
1,000000
0,998400
1,000000
1,000000
0,998400
1,000000
1,000000
0,999200
1,000000
0,998400
0,997600
1,000000
1,000000
0,998400
1,000000
0,997600
0,999200
0,999200
1,000000
0,999200
0,999200
1,000000
1,000000
1,000000
0,999200
1,000000
1,000000
1,000000
0,999200
0,995200
1,000000
1,000000
1,000000
1,000000
1,000000
0,998400
0,999200
0,999200
1,000000
1,000000
0,999200
1,000000
1,000000
1,000000
0,998400
1,000000
0,999200
0,998400
1,000000
0,998400
1,000000
1,000000
0,999200
0,998400
0,999200
0,999200
0,997600
0,999200
1,000000
0,997600
0,999200
1,000000
1,000000
1,000000
0,998400
0,999200
0,998400
1,000000
0,999200
1,000000
0,998400
1,000000
0,999200
1,000000
0,999200
1,000000
0,999200
0,999200
0,999200
1,000000
1,000000
1,000000
0,999200
1,000000
0,998400
0,999200
0,999200
0,999200
0,999200
0,999200
1,000000
0,999200
0,999200
0,999200
0,999200
1,000000
0,999200
1,000000
0,999200
0,997600
0,999200
0,998400
0,999200
0,998400
0,998400
0,999200
0,999200
0,998400
0,999200
0,998400
0,998400
0,999200
0,999200
0,997600
0,999200
1,000000
1,000000
0,997600
0,996000
0,999200
0,999200
0,998400
1,000000
0,999200
0,998400
1,000000
0,998400
0,999200
0,999200
0,998400
0,999200
0,998400
1,000000
1,000000
0,999200
0,999200
1,000000
1,000000
0,998400
0,999200
0,998400
0,998400
0,999200
0,999200
0,999200
1,000000
0,997600
1,000000
0,999200
0,999200
0,998400
0,998400
0,999200
0,999200
0,999200
0,999200
1,000000
1,000000
1,000000
0,999200
0,998400
1,000000
1,000000
1,000000
0,999200
0,999200
0,999200
0,999200
0,999200
1,000000
0,997600
0,998400
0,998400
1,000000
1,000000
1,000000
1,000000
0,999200
1,000000
0,998400
0,998400
0,998400
0,999200
1,000000
1,000000
0,999200
1,000000
0,998400
0,999200
0,997600
0,996800
0,999200
1,000000
0,999200
1,000000
1,000000
1,000000
1,000000
0,999200
1,000000
1,000000
0,998400
0,999200
0,998400
1,000000
0,998400
0,999200
0,999200
0,999200
1,000000
1,000000
1,000000
1,000000
1,000000
1,000000
0,998400
0,999200
0,999200
1,000000
0,999200
1,000000
1,000000
1,000000
0,999200
1,000000
1,000000
0,998400
1,000000
1,000000
1,000000
0,999200
1,000000
1,000000
0,998400
1,000000
0,999200
0,999200
1,000000
1,000000
0,998400
0,998400
0,999200
1,000000
1,000000
1,000000
1,000000
0,999200
1,000000
0,998400
1,000000
0,999200
0,999200
1,000000
1,000000
0,999200
1,000000
0,998400
0,998400
0,998400
1,000000
1,000000
0,999200
0,998400
1,000000
0,999200
1,000000
0,999200
0,997600
1,000000
0,999200
0,998400
0,997600
1,000000
0,999200
1,000000
0,998400
0,997600
1,000000
0,999200
0,998400
0,996800
0,999200
1,000000
0,998400
0,998400
0,998400
1,000000
0,996000
0,999200
0,999200
1,000000
1,000000
1,000000
0,998400
0,999200
0,999200
0,999200
0,999200
0,999200
1,000000
1,000000
0,999200
0,999200
0,999200
0,999200
1,000000
0,999200
0,999200
1,000000
1,000000
0,998400
1,000000
0,999200
0,998400
0,998400
0,998400
0,999200
0,999200
0,999200
1,000000
1,000000
1,000000
0,997600
0,998400
0,999200
0,999200
0,999200
0,999200
0,999200
1,000000
0,999200
1,000000
1,000000
0,999200
1,000000
1,000000
0,998400
0,998400
1,000000
0,997600
0,999200
0,999200
1,000000
0,997600
0,999200
1,000000
1,000000
0,998400
0,999200
0,998400
1,000000
1,000000
0,998400
0,999200
1,000000
1,000000
0,999200
1,000000
0,999200
0,999200
0,999200
0,999200
0,999200
1,000000
1,000000
0,999200
0,999200
0,998400
0,998400
0,999200
0,998400
1,000000
0,998400
1,000000
0,999200
0,996800
1,000000
0,999200
1,000000
0,999200
0,997600
0,998400
1,000000
0,999200
1,000000
0,999200
0,999200
0,998400
0,997600
0,999200
0,998400
0,999200
1,000000
0,998400
1,000000
0,999200
1,000000
0,999200
0,999200
0,999200
1,000000
1,000000
0,999200
0,997600
1,000000
1,000000
0,998400
1,000000
1,000000
1,000000
1,000000
0,999200
1,000000
0,999200
0,998400
0,999200
0,999200
1,000000
1,000000
0,997600
1,000000
1,000000
0,999200
0,999200
0,999200
1,000000
0,999200
0,999200
1,000000
0,999200
1,000000
1,000000
0,999200
0,997600
0,999200
1,000000
0,999200
0,998400
0,999200
1,000000
0,997600
0,996800
1,000000
0,999200
1,000000
0,999200
0,999200
1,000000
0,997600
0,998400
0,999200
0,999200
0,999200
1,000000
1,000000
1,000000
1,000000
1,000000
1,000000
0,999200
1,000000
0,999200
1,000000
1,000000
0,998400
1,000000
1,000000
0,999200
0,999200
0,999200
1,000000
1,000000
0,999200
1,000000
0,999200
0,998400
0,998400
0,999200
0,999200
1,000000
0,999200
1,000000
1,000000
0,999200
0,999200
0,999200
0,996800
0,998400
1,000000
1,000000
1,000000
1,000000
0,999200
1,000000
1,000000
0,999200
0,999200
0,999200
0,999200
0,999200
1,000000
1,000000
1,000000
1,000000
0,996800
1,000000
0,996800
0,998400
0,999200
1,000000
0,998400
0,997600
1,000000
0,999200
1,000000
0,999200
0,999200
1,000000
0,999200
0,999200
1,000000
0,999200
0,997600
1,000000
0,998400
0,999200
1,000000
0,999200
0,998400
0,999200
0,999200
1,000000
0,999200
0,997600
1,000000
0,996000
0,999200
1,000000
1,000000
0,998400
0,998400
1,000000
0,999200
0,997600
1,000000
0,999200
0,997600
0,999200
1,000000
0,999200
0,999200
0,998400
1,000000
0,999200
1,000000
1,000000
1,000000
0,999200
1,000000
1,000000
0,997600
1,000000
1,000000
1,000000
0,999200
1,000000
1,000000
1,000000
1,000000
1,000000
0,999200
0,999200
0,999200
0,999200
1,000000
1,000000
0,999200
1,000000
0,999200
0,998400
0,999200
1,000000
0,999200
0,999200
1,000000
0,997600
0,999200
0,998400
0,999200
1,000000
0,999200
1,000000
1,000000
0,997600
1,000000
1,000000
0,999200
0,999200
0,999200
1,000000
0,997600
0,999200
0,997600
1,000000
0,999200
0,999200
0,999200
1,000000
0,998400
1,000000
0,997600
0,997600
1,000000
0,998400
1,000000
0,999200
0,999200
0,999200
0,999200
0,996800
0,999200
0,999200
1,000000
0,999200
1,000000
0,998400
1,000000
0,999200
0,999200
1,000000
1,000000
0,999200
1,000000
0,999200
0,999200
1,000000
0,998400
1,000000
0,999200
0,999200
0,999200
1,000000
1,000000
0,998400
0,999200
0,999200
1,000000
1,000000
1,000000
0,999200
0,999200
1,000000
1,000000
1,000000
0,999200
0,999200
1,000000
0,997600
0,998400
0,998400
0,998400
0,998400
0,999200
1,000000
1,000000
1,000000
0,999200
1,000000
1,000000
0,997600
1,000000
0,999200
1,000000
1,000000
0,999200
1,000000
1,000000
0,999200
0,999200
0,998400
1,000000
0,999200
0,998400
1,000000
1,000000
0,999200
0,999200
1,000000
1,000000
0,999200
0,998400
0,996800
0,999200
0,997600
1,000000
0,999200
0,999200
1,000000
0,999200
1,000000
0,999200
0,998400
0,998400
1,000000
1,000000
1,000000
0,999200
0,996800
1,000000
0,999200
0,999200
0,999200
1,000000
0,999200
0,999200
1,000000
1,000000
0,998400
0,999200
1,000000
0,998400
0,998400
0,998400
1,000000
1,000000
1,000000
1,000000
1,000000
1,000000
1,000000
0,999200
1,000000
1,000000
1,000000
1,000000
1,000000
0,996800
1,000000
1,000000
1,000000
0,998400
0,998400
0,999200
0,998400
0,998400
1,000000
1,000000
1,000000
1,000000
1,000000
1,000000
1,000000
1,000000
1,000000
1,000000
1,000000
1,000000
0,999200
1,000000
1,000000
0,999200
0,998400
1,000000
0,999200
0,998400
1,000000
1,000000
0,999200
1,000000
0,998400
0,998400
0,999200
0,998400
1,000000
0,999200
1,000000
0,999200
0,998400
0,999200
0,999200
1,000000
1,000000
0,996800
0,998400
0,998400
0,998400
1,000000
0,999200
0,999200
0,999200
0,999200
0,999200
1,000000
0,998400
1,000000
1,000000
0,999200
1,000000
1,000000
1,000000
0,999200
1,000000
1,000000
1,000000
0,998400
0,999200
1,000000
0,999200
1,000000
1,000000
1,000000
1,000000
0,999200
1,000000
0,999200
0,999200
1,000000
0,998400
0,998400
0,999200
0,999200
0,999200
1,000000
0,999200
1,000000
1,000000
0,996800
1,000000
1,000000
1,000000
1,000000
0,999200
0,999200
1,000000
0,999200
1,000000
1,000000
0,998400
1,000000
0,999200
0,998400
0,998400
0,999200
0,998400
1,000000
0,996800
0,998400
0,997600
1,000000
0,999200
0,998400
1,000000
0,999200
1,000000
1,000000
0,999200
0,999200
0,997600
0,999200
0,998400
0,999200
1,000000
0,999200
1,000000
1,000000
0,997600
1,000000
0,999200
1,000000
0,998400
1,000000
0,999200
0,998400
0,999200
1,000000
0,999200
0,999200
0,998400
1,000000
1,000000
1,000000
1,000000
0,998400
0,997600
1,000000
1,000000
1,000000
1,000000
0,999200
0,999200
1,000000
0,999200
0,996800
1,000000
0,999200
1,000000
1,000000
0,999200
0,999200
0,998400
0,999200
0,999200
0,999200
1,000000
0,999200
0,999200
0,999200
0,999200
0,999200
0,998400
0,999200
0,999200
1,000000
1,000000
0,999200
0,998400
1,000000
0,999200
0,998400
1,000000
1,000000
1,000000
0,997600
1,000000
0,999200
0,999200
0,998400
0,999200
0,998400
0,999200
0,999200
0,999200
1,000000
0,999200
1,000000
1,000000
0,997600
1,000000
0,999200
0,997600
0,998400
0,999200
1,000000
1,000000
0,999200
0,997600
0,999200
0,999200
0,998400
1,000000
0,996800
0,998400
1,000000
0,999200
0,998400
0,998400
1,000000
0,999200
1,000000
0,999200
1,000000
0,996000
0,998400
0,999200
1,000000
0,998400
0,999200
1,000000
0,999200
1,000000
1,000000
0,998400
1,000000
0,997600
0,999200
1,000000
0,999200
0,999200
1,000000
1,000000
0,997600
0,998400
0,999200
0,999200
0,999200
0,998400
1,000000
1,000000
1,000000
0,998400
1,000000
0,999200
1,000000
0,999200
0,999200
1,000000
1,000000
1,000000
1,000000
1,000000
0,999200
1,000000
0,999200
1,000000
0,998400
0,999200
1,000000
0,999200
0,999200
1,000000
0,998400
0,999200
0,999200
0,999200
1,000000
1,000000
1,000000
1,000000
0,999200
0,998400
1,000000
0,999200
0,999200
1,000000
0,999200
0,998400
1,000000
0,997600
0,999200
0,999200
0,999200
0,999200
0,998400
1,000000
0,999200
0,998400
0,999200
0,998400
0,998400
0,999200
0,999200
1,000000
0,999200
0,999200
1,000000
1,000000
1,000000
0,999200
1,000000
1,000000
0,999200
0,999200
1,000000
0,999200
0,999200
0,998400
0,998400
0,999200
1,000000
0,999200
1,000000
0,998400
1,000000
0,998400
0,998400
0,999200
1,000000
1,000000
1,000000
0,998400
1,000000
1,000000
0,999200
0,999200
0,999200
0,998400
0,999200
0,998400
1,000000
0,999200
1,000000
1,000000
1,000000
0,998400
0,999200
0,999200
0,999200
1,000000
0,997600
0,999200
0,999200
0,998400
0,998400
1,000000
0,999200
0,997600
1,000000
1,000000
0,998400
1,000000
1,000000
0,997600
1,000000
0,998400
0,999200
0,999200
0,999200
0,999200
0,999200
1,000000
1,000000
0,999200
0,999200
0,999200
0,999200
1,000000
0,999200
0,998400
1,000000
1,000000
0,998400
1,000000
0,999200
1,000000
1,000000
0,999200
0,998400
1,000000
0,999200
1,000000
0,999200
1,000000
0,999200
0,997600
0,998400
0,996800
1,000000
0,997600
0,997600
0,998400
0,999200
0,999200
0,998400
1,000000
1,000000
0,999200
0,998400
0,998400
1,000000
0,999200
0,999200
0,999200
0,999200
1,000000
1,000000
0,999200
1,000000
0,998400
0,997600
1,000000
0,998400
0,998400
0,999200
1,000000
0,996800
0,997600
0,999200
0,997600
0,998400
0,999200
1,000000
0,999200
0,998400
0,998400
1,000000
0,998400
0,999200
1,000000
0,998400
1,000000
1,000000
0,999200
0,999200
1,000000
1,000000
1,000000
1,000000
0,999200
0,999200
0,999200
1,000000
0,999200
0,999200
1,000000
1,000000
0,999200
1,000000
0,999200
0,998400
1,000000
0,998400
0,999200
1,000000
1,000000
1,000000
0,999200
0,999200
0,998400
1,000000
0,999200
0,999200
0,997600
0,998400
1,000000
1,000000
0,998400
1,000000
0,999200
1,000000
0,999200
0,998400
1,000000
1,000000
0,999200
0,999200
1,000000
0,999200
0,998400
1,000000
0,997600
0,999200
1,000000
0,998400
0,997600
0,999200
1,000000
0,999200
1,000000
1,000000
0,999200
0,998400
0,999200
0,997600
1,000000
0,997600
0,998400
0,999200
0,997600
0,996000
1,000000
0,998400
0,999200
1,000000
0,998400
0,998400
0,999200
0,997600
1,000000
0,998400
0,999200
1,000000
0,999200
0,998400
0,998400
1,000000
0,999200
0,997600
1,000000
0,999200
0,999200
0,998400
0,999200
1,000000
1,000000
0,998400
0,998400
0,998400
0,999200
0,997600
0,999200
0,999200
0,999200
0,999200
0,999200
1,000000
0,999200
1,000000
1,000000
0,996800
1,000000
1,000000
0,999200
1,000000
0,999200
0,999200
0,999200
0,998400
0,999200
0,998400
1,000000
0,997600
1,000000
0,999200
0,999200
1,000000
0,999200
1,000000
1,000000
1,000000
0,999200
0,999200
0,998400
1,000000
1,000000
0,998400
0,999200
0,998400
0,999200
0,998400
0,999200
0,999200
1,000000
1,000000
1,000000
0,999200
0,996000
0,998400
1,000000
0,999200
0,998400
0,999200
1,000000
0,999200
0,996800
0,999200
0,999200
0,999200
1,000000
0,996000
0,999200
0,999200
1,000000
0,996800
0,999200
0,997600
0,999200
0,999200
1,000000
0,999200
0,998400
0,999200
0,998400
0,997600
0,996800
1,000000
1,000000
0,998400
0,999200
0,998400
0,998400
1,000000
0,997600
1,000000
0,998400
0,998400
0,999200
1,000000
0,999200
0,999200
0,999200
1,000000
1,000000
1,000000
1,000000
0,999200
0,999200
0,998400
0,999200
1,000000
1,000000
0,999200
0,999200
0,999200
1,000000
0,999200
0,999200
0,997600
1,000000
1,000000
0,999200
1,000000
0,999200
1,000000
1,000000
1,000000
1,000000
0,999200
0,997600
0,999200
1,000000
1,000000
0,998400
0,999200
0,999200
0,999200
1,000000
0,998400
0,999200
1,000000
1,000000
1,000000
0,999200
1,000000
0,998400
0,999200
1,000000
1,000000
1,000000
0,998400
1,000000
1,000000
1,000000
0,999200
1,000000
0,999200
1,000000
1,000000
0,996800
0,999200
1,000000
0,999200
0,999200
1,000000
1,000000
0,999200
0,999200
0,998400
1,000000
1,000000
0,999200
1,000000
1,000000
0,998400
0,998400
0,998400
0,999200
1,000000
1,000000
0,999200
0,999200
0,999200
1,000000
1,000000
1,000000
0,997600
0,997600
1,000000
0,999200
1,000000
0,999200
0,998400
0,998400
0,999200
1,000000
0,999200
0,999200
0,998400
1,000000
1,000000
1,000000
0,999200
0,998400
0,999200
0,999200
0,998400
0,999200
0,999200
1,000000
1,000000
0,996000
1,000000
1,000000
0,999200
0,998400
0,998400
1,000000
0,999200
1,000000
1,000000
0,998400
0,999200
0,999200
0,999200
0,998400
1,000000
1,000000
1,000000
1,000000
1,000000
0,999200
0,997600
1,000000
0,999200
1,000000
0,999200
0,999200
0,999200
0,998400
0,997600
0,999200
0,999200
0,999200
1,000000
0,999200
0,999200
1,000000
0,999200
1,000000
1,000000
0,995200
0,997600
0,999200
0,997600
0,997600
0,997600
0,999200
0,997600
0,999200
1,000000
0,999200
0,999200
1,000000
0,998400
1,000000
1,000000
1,000000
0,999200
1,000000
1,000000
1,000000
0,998400
1,000000
0,998400
1,000000
0,998400
0,998400
0,999200
0,999200
0,999200
1,000000
0,999200
0,999200
0,998400
0,999200
0,997600
1,000000
1,000000
1,000000
0,999200
0,999200
0,996800
0,999200
0,999200
0,999200
0,999200
0,997600
0,999200
0,998400
1,000000
1,000000
0,999200
0,998400
1,000000
0,999200
0,999200
1,000000
1,000000
0,999200
0,996800
1,000000
1,000000
0,999200
0,998400
1,000000
1,000000
1,000000
0,998400
1,000000
0,998400
1,000000
1,000000
1,000000
1,000000
1,000000
1,000000
1,000000
0,999200
1,000000
0,996800
1,000000
1,000000
1,000000
0,998400
1,000000
0,999200
1,000000
0,998400
1,000000
1,000000
1,000000
0,999200
0,997600
0,999200
1,000000
1,000000
0,999200
0,998400
1,000000
1,000000
1,000000
1,000000
0,999200
0,999200
1,000000
1,000000
0,999200
0,998400
0,999200
1,000000
0,997600
0,999200
0,998400
0,998400
1,000000
1,000000
1,000000
1,000000
1,000000
1,000000
0,998400
1,000000
0,999200
1,000000
0,999200
1,000000
0,997600
0,998400
0,999200
0,999200
1,000000
0,999200
1,000000
1,000000
1,000000
1,000000
1,000000
1,000000
1,000000
0,998400
1,000000
1,000000
1,000000
0,999200
1,000000
0,998400
0,998400
0,998400
1,000000
1,000000
0,998400
0,999200
0,999200
0,999200
1,000000
0,998400
1,000000
0,999200
0,997600
1,000000
0,999200
1,000000
1,000000
0,998400
1,000000
1,000000
1,000000
1,000000
1,000000
0,999200
1,000000
1,000000
1,000000
0,998400
1,000000
0,995200
1,000000
0,997600
0,999200
1,000000
0,999200
0,999200
0,998400
0,996800
1,000000
1,000000
1,000000
1,000000
0,999200
0,998400
0,999200
1,000000
1,000000
1,000000
1,000000
0,999200
0,999200
1,000000
0,999200
0,997600
1,000000
0,998400
1,000000
0,997600
0,999200
0,998400
0,998400
0,999200
0,998400
1,000000
1,000000
1,000000
0,996800
0,999200
0,999200
1,000000
0,998400
0,999200
0,999200
0,999200
1,000000
0,999200
0,998400
0,999200
1,000000
0,999200
1,000000
0,999200
0,997600
0,997600
1,000000
0,998400
0,998400
0,999200
1,000000
0,999200
0,999200
0,997600
0,998400
0,999200
0,999200
1,000000
0,998400
1,000000
1,000000
1,000000
0,999200
0,999200
1,000000
0,998400
1,000000
0,999200
0,997600
0,999200
1,000000
0,999200
1,000000
1,000000
0,999200
0,998400
1,000000
1,000000
0,999200
0,999200
1,000000
0,999200
0,997600
1,000000
0,999200
1,000000
0,999200
1,000000
0,998400
1,000000
0,999200
0,999200
0,998400
0,998400
0,999200
0,998400
1,000000
0,999200
0,999200
0,998400
0,998400
1,000000
0,999200
0,998400
0,998400
0,999200
0,998400
0,999200
0,999200
1,000000
1,000000
1,000000
1,000000
0,998400
1,000000
1,000000
1,000000
0,998400
1,000000
1,000000
0,999200
0,999200
1,000000
0,998400
0,999200
1,000000
1,000000
1,000000
1,000000
0,999200
0,999200
1,000000
1,000000
1,000000
1,000000
0,999200
0,999200
1,000000
0,998400
0,999200
0,998400
0,999200
1,000000
1,000000
0,998400
1,000000
1,000000
0,999200
1,000000
1,000000
0,997600
1,000000
1,000000
0,999200
0,999200
0,999200
1,000000
0,999200
0,999200
1,000000
1,000000
0,999200
0,999200
1,000000
0,998400
1,000000
0,999200
1,000000
0,999200
0,999200
1,000000
0,998400
1,000000
1,000000
0,998400
0,999200
1,000000
1,000000
1,000000
0,998400
1,000000
0,999200
0,998400
0,999200
0,999200
1,000000
1,000000
0,999200
0,999200
1,000000
1,000000
1,000000
0,999200
1,000000
1,000000
0,997600
1,000000
0,998400
0,999200
1,000000
0,999200
0,997600
1,000000
1,000000
1,000000
1,000000
0,998400
1,000000
0,999200
1,000000
0,998400
0,998400
0,998400
1,000000
0,999200
0,999200
0,999200
0,999200
1,000000
1,000000
0,998400
0,999200
0,999200
1,000000
0,999200
0,999200
1,000000
0,999200
0,998400
1,000000
1,000000
0,999200
1,000000
0,998400
1,000000
1,000000
1,000000
1,000000
0,997600
0,997600
1,000000
0,999200
0,999200
1,000000
0,999200
1,000000
0,999200
1,000000
1,000000
0,999200
0,999200
0,999200
0,997600
1,000000
1,000000
1,000000
0,998400
0,998400
0,998400
0,998400
0,999200
0,998400
1,000000
0,998400
0,999200
0,999200
0,999200
0,999200
0,999200
0,999200
0,999200
0,999200
1,000000
0,999200
1,000000
1,000000
0,999200
1,000000
1,000000
1,000000
1,000000
0,999200
1,000000
0,998400
1,000000
0,999200
0,999200
0,997600
0,999200
0,999200
1,000000
1,000000
1,000000
0,997600
0,998400
0,999200
0,999200
1,000000
0,999200
1,000000
0,999200
0,997600
1,000000
0,998400
1,000000
0,999200
1,000000
1,000000
0,999200
1,000000
1,000000
0,999200
0,998400
0,999200
1,000000
1,000000
0,999200
0,999200
0,999200
1,000000
0,999200
0,999200
1,000000
0,999200
0,999200
1,000000
0,999200
0,998400
0,999200
1,000000
1,000000
1,000000
0,996800
0,999200
0,999200
0,999200
0,998400
1,000000
1,000000
1,000000
0,998400
0,999200
0,999200
0,999200
0,999200
0,999200
1,000000
1,000000
0,997600
1,000000
0,998400
1,000000
1,000000
0,997600
0,999200
0,998400
0,998400
1,000000
0,999200
0,999200
0,999200
0,999200
0,999200
1,000000
1,000000
1,000000
1,000000
0,999200
1,000000
0,999200
1,000000
0,999200
1,000000
1,000000
0,998400
0,999200
0,999200
1,000000
1,000000
0,999200
0,998400
0,999200
0,999200
0,999200
0,997600
0,999200
1,000000
0,998400
0,998400
1,000000
0,998400
1,000000
0,996800
1,000000
1,000000
1,000000
1,000000
0,999200
0,999200
0,998400
0,999200
0,998400
0,998400
0,998400
0,999200
0,998400
0,999200
1,000000
0,997600
0,999200
0,999200
1,000000
0,999200
1,000000
0,999200
1,000000
1,000000
1,000000
0,998400
0,999200
1,000000
0,999200
0,999200
1,000000
0,996800
1,000000
1,000000
0,997600
1,000000
0,998400
0,999200
0,999200
0,999200
1,000000
1,000000
1,000000
1,000000
0,996800
0,999200
0,998400
1,000000
1,000000
1,000000
0,998400
0,998400
0,999200
1,000000
0,999200
0,999200
0,999200
1,000000
1,000000
0,999200
1,000000
0,998400
1,000000
0,999200
0,997600
0,999200
1,000000
0,998400
0,998400
0,999200
0,999200
0,998400
1,000000
0,999200
0,999200
1,000000
0,999200
1,000000
1,000000
0,999200
1,000000
0,999200
0,999200
1,000000
1,000000
0,997600
0,998400
1,000000
1,000000
0,999200
0,999200
0,998400
1,000000
1,000000
0,998400
0,999200
1,000000
0,998400
0,999200
1,000000
0,997600
1,000000
0,998400
1,000000
1,000000
1,000000
0,998400
0,997600
0,999200
0,999200
1,000000
0,999200
0,998400
0,998400
1,000000
0,999200
0,998400
0,999200
1,000000
0,999200
0,998400
0,999200
1,000000
0,999200
1,000000
0,999200
0,996800
0,999200
0,999200
0,999200
1,000000
0,999200
1,000000
0,996000
0,999200
0,999200
0,999200
0,999200
1,000000
1,000000
0,999200
1,000000
0,999200
0,999200
1,000000
0,999200
1,000000
1,000000
1,000000
1,000000
0,997600
0,997600
1,000000
1,000000
1,000000
0,997600
1,000000
0,998400
0,999200
0,996800
1,000000
1,000000
0,998400
1,000000
0,999200
0,999200
1,000000
1,000000
0,997600
1,000000
0,999200
0,999200
1,000000
0,999200
1,000000
1,000000
0,999200
0,998400
1,000000
0,999200
0,999200
0,999200
0,999200
1,000000
1,000000
1,000000
0,999200
0,999200
0,999200
1,000000
1,000000
1,000000
0,996800
0,998400
1,000000
1,000000
1,000000
1,000000
0,998400
1,000000
1,000000
0,999200
1,000000
1,000000
0,999200
1,000000
0,999200
1,000000
0,998400
1,000000
0,999200
1,000000
1,000000
0,999200
0,998400
1,000000
0,999200
1,000000
0,999200
1,000000
0,999200
0,999200
0,999200
0,998400
1,000000
1,000000
1,000000
0,999200
0,999200
1,000000
1,000000
0,998400
0,998400
0,999200
0,999200
1,000000
1,000000
0,998400
1,000000
1,000000
1,000000
1,000000
1,000000
0,999200
1,000000
1,000000
1,000000
0,998400
0,996800
1,000000
0,998400
1,000000
0,999200
0,998400
1,000000
0,997600
1,000000
0,999200
1,000000
0,999200
1,000000
0,999200
1,000000
0,997600
1,000000
0,999200
1,000000
1,000000
0,998400
0,999200
0,999200
1,000000
1,000000
1,000000
1,000000
1,000000
0,999200
0,999200
0,999200
0,999200
1,000000
0,997600
0,999200
1,000000
0,999200
0,997600
0,999200
0,997600
0,999200
1,000000
0,998400
0,998400
1,000000
0,998400
0,999200
0,999200
0,999200
1,000000
1,000000
0,996800
0,998400
0,998400
0,998400
0,999200
0,999200
1,000000
1,000000
1,000000
0,998400
0,999200
1,000000
0,999200
0,999200
1,000000
1,000000
1,000000
0,999200
1,000000
1,000000
0,998400
1,000000
1,000000
1,000000
0,999200
0,999200
1,000000
1,000000
1,000000
1,000000
0,999200
0,998400
0,998400
1,000000
1,000000
1,000000
1,000000
1,000000
1,000000
0,999200
0,998400
0,998400
0,998400
0,999200
0,999200
0,999200
0,998400
1,000000
0,999200
0,999200
1,000000
1,000000
1,000000
0,998400
0,999200
0,999200
0,998400
0,999200
0,998400
1,000000
0,999200
1,000000
0,998400
1,000000
0,999200
1,000000
0,999200
0,998400
0,997600
0,999200
1,000000
0,999200
1,000000
0,999200
1,000000
1,000000
0,999200
1,000000
0,998400
1,000000
1,000000
1,000000
1,000000
0,998400
0,997600
1,000000
1,000000
0,997600
1,000000
1,000000
0,998400
0,998400
0,999200
0,998400
1,000000
1,000000
1,000000
1,000000
0,999200
1,000000
0,999200
0,999200
0,999200
1,000000
0,999200
0,999200
1,000000
1,000000
0,997600
0,999200
0,999200
0,999200
0,999200
0,998400
1,000000
0,999200
0,999200
1,000000
0,999200
1,000000
1,000000
1,000000
1,000000
1,000000
1,000000
1,000000
0,998400
1,000000
1,000000
1,000000
1,000000
1,000000
1,000000
0,999200
1,000000
1,000000
0,999200
0,999200
0,997600
0,998400
1,000000
1,000000
1,000000
0,999200
0,997600
1,000000
1,000000
0,996800
1,000000
0,997600
0,999200
1,000000
0,997600
1,000000
0,999200
1,000000
0,996000
0,999200
1,000000
0,998400
0,998400
1,000000
0,999200
1,000000
0,999200
1,000000
1,000000
0,997600
1,000000
1,000000
1,000000
1,000000
0,999200
0,998400
1,000000
0,998400
0,999200
1,000000
0,997600
1,000000
0,999200
0,997600
1,000000
1,000000
1,000000
1,000000
0,998400
0,996000
0,999200
0,998400
0,998400
0,999200
1,000000
0,998400
0,999200
0,999200
0,999200
0,999200
0,999200
0,998400
0,999200
1,000000
0,997600
0,999200
0,997600
1,000000
1,000000
1,000000
0,999200
1,000000
0,999200
0,999200
0,998400
0,997600
0,999200
0,998400
1,000000
0,998400
0,996000
1,000000
1,000000
1,000000
0,999200
0,999200
1,000000
1,000000
1,000000
1,000000
1,000000
1,000000
1,000000
1,000000
0,998400
0,999200
0,998400
1,000000
0,998400
0,998400
1,000000
1,000000
1,000000
0,999200
0,999200
0,998400
1,000000
0,998400
1,000000
1,000000
0,998400
1,000000
1,000000
0,998400
0,999200
1,000000
1,000000
0,999200
1,000000
0,999200
0,999200
1,000000
1,000000
0,996800
0,996000
0,999200
1,000000
1,000000
0,998400
1,000000
1,000000
1,000000
1,000000
0,998400
1,000000
0,998400
1,000000
1,000000
0,999200
1,000000
0,999200
1,000000
0,998400
0,999200
0,999200
0,999200
0,999200
0,999200
0,999200
0,999200
0,999200
0,999200
0,999200
1,000000
1,000000
0,999200
0,999200
1,000000
0,997600
1,000000
0,996800
0,999200
1,000000
1,000000
0,999200
0,998400
0,998400
0,997600
0,998400
1,000000
1,000000
1,000000
1,000000
1,000000
0,999200
0,999200
1,000000
0,999200
1,000000
0,999200
1,000000
1,000000
0,998400
0,999200
0,998400
1,000000
0,998400
1,000000
0,999200
0,998400
0,998400
0,998400
1,000000
0,999200
1,000000
1,000000
0,997600
1,000000
1,000000
1,000000
0,999200
0,999200
0,999200
0,996000
1,000000
1,000000
0,998400
1,000000
1,000000
1,000000
1,000000
0,998400
0,999200
0,998400
0,998400
1,000000
0,999200
1,000000
1,000000
0,999200
0,996000
0,998400
0,999200
0,998400
0,999200
0,999200
1,000000
1,000000
0,999200
0,998400
1,000000
1,000000
0,999200
0,998400
0,998400
0,999200
1,000000
0,999200
1,000000
0,998400
0,999200
1,000000
0,998400
1,000000
0,999200
0,999200
0,997600
1,000000
0,998400
0,999200
0,999200
1,000000
1,000000
0,999200
0,998400
1,000000
0,999200
0,998400
0,999200
1,000000
0,999200
0,999200
1,000000
0,999200
1,000000
0,998400
0,999200
0,999200
0,998400
0,996800
1,000000
0,999200
1,000000
1,000000
0,999200
0,999200
1,000000
1,000000
0,999200
1,000000
0,997600
1,000000
1,000000
0,998400
1,000000
0,999200
0,998400
0,999200
0,998400
0,999200
1,000000
1,000000
1,000000
0,999200
0,999200
0,999200
0,999200
1,000000
0,998400
1,000000
1,000000
1,000000
0,999200
0,998400
1,000000
1,000000
0,999200
1,000000
0,998400
1,000000
1,000000
1,000000
1,000000
0,999200
0,999200
0,998400
1,000000
0,998400
1,000000
0,998400
0,999200
0,999200
0,998400
0,997600
1,000000
1,000000
0,999200
0,999200
0,999200
1,000000
1,000000
0,998400
0,999200
1,000000
0,998400
0,999200
1,000000
1,000000
1,000000
1,000000
0,996800
1,000000
0,999200
0,996800
1,000000
1,000000
0,998400
0,999200
1,000000
1,000000
0,999200
1,000000
0,999200
1,000000
1,000000
1,000000
0,999200
1,000000
0,998400
0,999200
0,999200
1,000000
1,000000
0,998400
0,999200
0,998400
0,999200
0,999200
0,999200
1,000000
1,000000
0,998400
0,999200
0,999200
0,999200
1,000000
0,999200
1,000000
0,998400
1,000000
0,999200
1,000000
1,000000
1,000000
0,999200
0,999200
0,998400
1,000000
0,998400
1,000000
1,000000
1,000000
1,000000
0,999200
0,999200
1,000000
0,999200
1,000000
0,996800
1,000000
0,997600
0,998400
1,000000
0,999200
1,000000
0,999200
0,999200
1,000000
0,998400
0,999200
0,999200
0,997600
1,000000
1,000000
1,000000
0,998400
1,000000
1,000000
0,999200
0,997600
0,998400
0,997600
0,999200
1,000000
1,000000
1,000000
1,000000
1,000000
0,999200
0,998400
1,000000
0,997600
1,000000
0,999200
1,000000
1,000000
0,998400
1,000000
0,999200
1,000000
1,000000
0,999200
0,996000
1,000000
1,000000
1,000000
1,000000
1,000000
1,000000
0,999200
0,998400
1,000000
0,999200
0,997600
0,999200
1,000000
1,000000
0,999200
0,999200
1,000000
1,000000
1,000000
0,999200
0,999200
0,999200
0,998400
0,999200
0,999200
1,000000
1,000000
1,000000
0,999200
1,000000
0,998400
0,999200
1,000000
0,999200
0,999200
1,000000
1,000000
0,998400
0,999200
0,998400
1,000000
0,999200
0,999200
1,000000
0,998400
1,000000
1,000000
1,000000
0,998400
0,998400
0,999200
1,000000
0,998400
1,000000
0,999200
1,000000
0,998400
0,999200
1,000000
0,999200
1,000000
0,997600
0,999200
0,999200
0,999200
1,000000
0,999200
1,000000
0,998400
1,000000
1,000000
0,999200
1,000000
1,000000
0,998400
1,000000
0,999200
0,998400
0,999200
1,000000
0,999200
1,000000
0,999200
0,999200
1,000000
0,999200
0,996800
1,000000
1,000000
0,999200
1,000000
1,000000
1,000000
1,000000
0,998400
0,996800
0,999200
1,000000
0,999200
1,000000
0,998400
0,998400
0,999200
1,000000
0,999200
1,000000
1,000000
0,999200
0,998400
0,996800
1,000000
0,999200
0,998400
1,000000
1,000000
1,000000
0,997600
1,000000
1,000000
0,999200
1,000000
1,000000
0,998400
0,999200
1,000000
1,000000
0,998400
1,000000
1,000000
1,000000
0,999200
0,999200
1,000000
0,998400
0,998400
0,999200
0,999200
0,999200
1,000000
0,998400
0,999200
1,000000
0,997600
1,000000
0,998400
0,998400
0,998400
0,997600
1,000000
1,000000
0,999200
0,999200
1,000000
1,000000
1,000000
1,000000
0,999200
1,000000
0,999200
0,997600
0,999200
0,998400
1,000000
0,999200
1,000000
0,998400
1,000000
1,000000
0,997600
1,000000
0,996000
1,000000
0,998400
0,998400
0,997600
1,000000
1,000000
0,999200
0,999200
0,999200
0,999200
0,999200
0,999200
0,998400
0,998400
1,000000
0,999200
0,999200
1,000000
1,000000
0,996000
0,999200
0,999200
0,998400
1,000000
1,000000
0,999200
1,000000
0,999200
0,999200
0,999200
0,999200
0,997600
1,000000
0,999200
0,998400
0,999200
0,999200
0,998400
0,999200
0,999200
1,000000
0,998400
0,999200
1,000000
1,000000
0,998400
0,999200
0,999200
1,000000
0,998400
1,000000
0,997600
0,999200
0,998400
0,999200
0,999200
0,997600
0,997600
0,998400
0,999200
0,999200
0,998400
1,000000
1,000000
0,998400
1,000000
0,998400
0,999200
0,999200
1,000000
1,000000
1,000000
0,999200
1,000000
0,998400
0,999200
0,999200
1,000000
1,000000
1,000000
0,998400
1,000000
1,000000
1,000000
1,000000
0,999200
1,000000
1,000000
0,999200
1,000000
1,000000
1,000000
0,997600
1,000000
0,997600
0,999200
0,999200
0,998400
0,999200
0,998400
0,998400
0,998400
0,998400
0,999200
1,000000
0,998400
1,000000
0,998400
1,000000
1,000000
0,999200
1,000000
1,000000
1,000000
0,998400
1,000000
0,998400
0,997600
1,000000
0,999200
0,999200
0,999200
0,999200
0,996800
1,000000
0,999200
1,000000
0,999200
0,999200
0,997600
0,998400
1,000000
1,000000
1,000000
0,998400
1,000000
1,000000
0,999200
0,999200
0,999200
0,999200
1,000000
0,999200
0,999200
1,000000
0,998400
1,000000
0,999200
1,000000
0,999200
0,999200
1,000000
0,999200
0,999200
1,000000
0,999200
1,000000
0,999200
1,000000
0,999200
1,000000
1,000000
1,000000
0,998400
0,999200
0,999200
1,000000
1,000000
0,999200
1,000000
1,000000
0,999200
0,999200
1,000000
0,997600
0,999200
0,999200
0,999200
0,997600
0,998400
0,997600
1,000000
0,999200
0,999200
0,999200
0,999200
1,000000
1,000000
0,999200
1,000000
1,000000
1,000000
0,998400
1,000000
0,998400
1,000000
0,998400
0,998400
0,998400
1,000000
1,000000
0,997600
0,996800
1,000000
0,999200
0,999200
0,998400
1,000000
0,999200
0,998400
0,997600
1,000000
0,998400
0,998400
1,000000
1,000000
1,000000
0,999200
0,999200
0,999200
1,000000
1,000000
0,999200
0,999200
0,998400
1,000000
1,000000
1,000000
1,000000
1,000000
1,000000
0,997600
0,999200
0,997600
0,999200
1,000000
0,999200
1,000000
1,000000
0,999200
0,999200
0,999200
0,998400
0,999200
1,000000
1,000000
1,000000
1,000000
1,000000
0,999200
1,000000
1,000000
1,000000
0,999200
0,999200
0,999200
1,000000
1,000000
1,000000
1,000000
1,000000
0,999200
0,999200
1,000000
1,000000
1,000000
1,000000
1,000000
0,998400
1,000000
0,999200
0,999200
1,000000
0,997600
0,998400
1,000000
0,999200
0,999200
0,996000
0,999200
1,000000
0,999200
0,998400
0,999200
1,000000
1,000000
0,997600
0,999200
0,999200
0,999200
1,000000
0,999200
0,999200
0,996800
0,999200
1,000000
0,998400
0,997600
0,999200
0,999200
1,000000
1,000000
0,999200
1,000000
0,998400
0,999200
0,999200
1,000000
0,999200
1,000000
0,998400
1,000000
0,999200
0,998400
0,999200
0,999200
0,998400
0,998400
0,998400
1,000000
0,999200
0,999200
0,998400
0,999200
1,000000
0,998400
1,000000
1,000000
0,999200
0,998400
1,000000
1,000000
0,999200
0,996800
1,000000
1,000000
0,999200
0,998400
0,999200
0,999200
0,999200
0,999200
1,000000
1,000000
1,000000
0,999200
1,000000
0,999200
0,999200
1,000000
0,999200
0,999200
0,999200
0,999200
0,999200
1,000000
0,998400
0,998400
1,000000
0,998400
0,999200
1,000000
0,999200
0,999200
1,000000
0,998400
1,000000
0,999200
1,000000
0,999200
0,998400
0,999200
0,999200
1,000000
0,999200
1,000000
1,000000
0,999200
0,998400
0,997600
1,000000
0,999200
1,000000
0,999200
0,999200
1,000000
1,000000
1,000000
0,999200
0,999200
0,999200
1,000000
0,998400
1,000000
0,999200
0,999200
0,998400
0,998400
0,999200
0,998400
1,000000
1,000000
0,999200
1,000000
0,999200
0,998400
0,998400
1,000000
0,999200
1,000000
0,998400
0,998400
0,999200
0,999200
1,000000
0,998400
0,999200
0,999200
1,000000
1,000000
1,000000
0,998400
1,000000
0,999200
0,999200
0,999200
0,999200
0,998400
0,998400
0,999200
1,000000
1,000000
1,000000
0,999200
1,000000
1,000000
0,999200
0,999200
1,000000
0,999200
0,998400
0,999200
1,000000
0,998400
1,000000
0,999200
0,999200
0,998400
0,998400
0,999200
0,998400
0,999200
1,000000
0,997600
1,000000
1,000000
1,000000
0,999200
1,000000
1,000000
0,999200
0,999200
0,998400
0,999200
0,997600
0,999200
0,998400
0,999200
0,998400
0,999200
1,000000
1,000000
0,999200
0,999200
1,000000
0,997600
1,000000
1,000000
0,999200
1,000000
0,999200
1,000000
1,000000
1,000000
1,000000
0,998400
1,000000
0,998400
0,999200
0,998400
0,999200
0,998400
1,000000
1,000000
1,000000
0,998400
0,998400
0,999200
1,000000
1,000000
1,000000
0,999200
1,000000
0,999200
0,998400
0,999200
1,000000
1,000000
0,999200
1,000000
0,997600
0,999200
1,000000
0,999200
0,999200
0,998400
0,999200
0,999200
0,998400
0,999200
1,000000
1,000000
1,000000
0,999200
0,998400
0,999200
0,998400
0,999200
0,998400
0,998400
0,998400
1,000000
1,000000
0,998400
1,000000
0,999200
0,999200
0,999200
0,998400
1,000000
1,000000
0,999200
0,999200
0,999200
0,999200
0,999200
0,999200
0,998400
0,998400
1,000000
0,998400
0,999200
1,000000
0,998400
0,999200
0,999200
0,999200
0,999200
0,999200
1,000000
0,998400
1,000000
0,999200
0,999200
1,000000
0,997600
1,000000
0,997600
0,999200
0,999200
1,000000
1,000000
1,000000
1,000000
1,000000
0,999200
0,999200
1,000000
1,000000
1,000000
0,999200
0,999200
0,999200
1,000000
0,997600
1,000000
0,999200
0,999200
0,998400
0,996800
0,999200
0,999200
0,996000
1,000000
0,999200
0,999200
0,998400
1,000000
1,000000
0,999200
0,999200
0,999200
0,998400
1,000000
0,999200
0,999200
0,999200
0,999200
1,000000
1,000000
0,999200
0,999200
1,000000
1,000000
0,999200
0,999200
0,998400
0,999200
0,998400
1,000000
1,000000
1,000000
1,000000
0,999200
1,000000
0,999200
0,997600
0,999200
1,000000
1,000000
0,999200
1,000000
0,998400
0,997600
0,999200
1,000000
0,998400
1,000000
0,999200
0,999200
1,000000
1,000000
0,998400
1,000000
0,999200
0,999200
1,000000
0,998400
1,000000
0,998400
0,999200
0,999200
0,999200
1,000000
0,997600
0,997600
0,999200
1,000000
1,000000
0,999200
0,999200
1,000000
1,000000
1,000000
1,000000
1,000000
0,997600
1,000000
0,998400
0,994400
0,999200
0,999200
1,000000
1,000000
0,999200
1,000000
1,000000
1,000000
1,000000
1,000000
0,999200
1,000000
0,999200
1,000000
0,998400
0,997600
0,998400
1,000000
0,996800
1,000000
0,998400
0,999200
1,000000
0,999200
1,000000
1,000000
0,998400
0,999200
1,000000
0,998400
1,000000
0,999200
1,000000
1,000000
0,997600
1,000000
0,998400
0,999200
1,000000
1,000000
1,000000
1,000000
1,000000
0,998400
1,000000
0,997600
1,000000
1,000000
1,000000
1,000000
1,000000
0,999200
1,000000
0,998400
0,997600
1,000000
0,999200
1,000000
1,000000
0,996000
0,998400
0,999200
0,998400
0,999200
1,000000
1,000000
1,000000
0,997600
0,998400
1,000000
0,998400
1,000000
0,999200
1,000000
0,999200
0,999200
0,999200
0,999200
0,999200
1,000000
1,000000
0,998400
0,999200
0,998400
1,000000
0,998400
0,999200
0,998400
0,999200
1,000000
0,999200
0,999200
0,998400
0,999200
0,999200
0,999200
0,998400
0,997600
1,000000
1,000000
0,998400
0,999200
1,000000
1,000000
1,000000
0,999200
0,998400
0,999200
1,000000
1,000000
0,999200
0,997600
1,000000
1,000000
0,998400
0,999200
0,999200
1,000000
0,999200
1,000000
0,999200
1,000000
1,000000
1,000000
1,000000
1,000000
0,999200
1,000000
0,999200
0,999200
0,999200
0,997600
0,999200
0,999200
0,998400
1,000000
0,999200
0,999200
0,999200
0,998400
0,999200
1,000000
1,000000
0,998400
1,000000
1,000000
0,999200
0,999200
1,000000
1,000000
1,000000
1,000000
0,997600
1,000000
1,000000
0,997600
1,000000
1,000000
1,000000
0,998400
0,999200
1,000000
0,998400
1,000000
0,998400
0,999200
1,000000
1,000000
1,000000
1,000000
0,999200
0,997600
0,999200
0,999200
1,000000
0,999200
1,000000
0,998400
1,000000
0,999200
0,999200
1,000000
1,000000
1,000000
0,999200
1,000000
0,998400
0,999200
0,999200
0,999200
1,000000
0,999200
0,999200
0,999200
0,999200
1,000000
0,998400
0,998400
0,999200
0,999200
0,998400
1,000000
0,998400
0,998400
0,999200
0,999200
1,000000
1,000000
0,998400
0,996800
1,000000
0,998400
0,999200
0,999200
1,000000
1,000000
1,000000
0,999200
0,999200
0,998400
0,999200
0,998400
0,999200
0,999200
0,999200
1,000000
0,999200
1,000000
0,998400
1,000000
0,998400
1,000000
0,999200
0,998400
0,999200
0,998400
0,999200
1,000000
0,999200
0,998400
0,999200
1,000000
0,999200
1,000000
0,997600
0,999200
0,999200
1,000000
0,999200
0,999200
0,998400
1,000000
0,999200
0,999200
1,000000
1,000000
0,998400
0,999200
1,000000
0,999200
0,998400
1,000000
0,999200
1,000000
0,997600
0,999200
1,000000
0,999200
1,000000
0,999200
0,999200
1,000000
0,999200
1,000000
0,998400
1,000000
0,998400
0,999200
0,999200
1,000000
0,999200
1,000000
1,000000
0,999200
0,998400
1,000000
1,000000
0,999200
1,000000
0,999200
0,997600
1,000000
0,999200
0,998400
1,000000
0,998400
0,998400
1,000000
0,998400
0,999200
1,000000
0,999200
1,000000
0,999200
0,997600
0,999200
1,000000
1,000000
1,000000
0,998400
1,000000
0,997600
1,000000
1,000000
0,999200
0,999200
1,000000
0,998400
1,000000
0,999200
0,999200
1,000000
0,998400
1,000000
1,000000
0,999200
1,000000
0,999200
0,999200
1,000000
0,998400
0,999200
1,000000
1,000000
0,999200
1,000000
1,000000
0,998400
0,998400
0,999200
0,999200
0,996800
0,997600
1,000000
0,999200
0,999200
1,000000
1,000000
1,000000
1,000000
0,998400
0,998400
1,000000
1,000000
1,000000
0,999200
0,997600
1,000000
1,000000
1,000000
0,999200
0,999200
0,999200
0,998400
0,999200
0,999200
0,998400
0,999200
0,999200
1,000000
1,000000
1,000000
0,999200
1,000000
0,999200
1,000000
0,999200
0,998400
1,000000
0,999200
1,000000
1,000000
0,999200
1,000000
0,998400
1,000000
0,998400
1,000000
0,998400
1,000000
1,000000
0,998400
0,999200
1,000000
0,998400
0,999200
0,999200
1,000000
1,000000
1,000000
1,000000
1,000000
1,000000
1,000000
1,000000
0,999200
0,997600
0,998400
1,000000
0,999200
0,999200
0,999200
1,000000
0,999200
0,999200
0,999200
1,000000
0,999200
0,998400
1,000000
0,998400
0,999200
1,000000
0,998400
0,997600
0,999200
1,000000
1,000000
1,000000
0,999200
0,999200
1,000000
0,999200
0,997600
0,999200
0,998400
1,000000
0,998400
0,999200
0,997600
0,999200
1,000000
1,000000
1,000000
0,999200
0,998400
1,000000
0,999200
1,000000
1,000000
0,999200
1,000000
0,999200
0,999200
0,999200
0,998400
0,999200
1,000000
0,999200
0,998400
0,998400
0,999200
1,000000
1,000000
1,000000
0,998400
1,000000
0,997600
1,000000
1,000000
1,000000
0,999200
0,997600
0,999200
1,000000
0,998400
1,000000
0,999200
1,000000
0,999200
0,997600
1,000000
1,000000
0,999200
0,998400
1,000000
0,998400
0,999200
0,999200
1,000000
1,000000
1,000000
1,000000
0,996800
1,000000
1,000000
1,000000
0,998400
1,000000
0,999200
0,998400
0,998400
0,996800
1,000000
0,997600
0,999200
1,000000
1,000000
1,000000
0,999200
1,000000
0,999200
0,997600
0,999200
0,999200
1,000000
0,998400
1,000000
1,000000
1,000000
0,998400
0,999200
0,999200
1,000000
0,998400
1,000000
0,998400
1,000000
0,999200
0,999200
1,000000
0,998400
1,000000
0,997600
0,998400
1,000000
0,999200
1,000000
1,000000
0,999200
0,997600
1,000000
0,999200
0,998400
0,999200
1,000000
1,000000
0,999200
1,000000
0,998400
0,998400
1,000000
0,999200
1,000000
1,000000
0,998400
0,999200
0,999200
0,999200
0,999200
0,999200
0,998400
0,997600
1,000000
0,999200
0,999200
0,999200
1,000000
0,999200
0,998400
1,000000
1,000000
0,999200
0,999200
1,000000
0,999200
1,000000
1,000000
1,000000
0,999200
0,997600
1,000000
1,000000
0,999200
1,000000
1,000000
0,999200
1,000000
1,000000
0,999200
0,999200
0,999200
0,999200
1,000000
0,999200
0,998400
0,998400
0,998400
0,998400
0,998400
1,000000
0,999200
0,999200
0,998400
0,999200
1,000000
0,999200
0,997600
0,998400
1,000000
0,999200
0,999200
1,000000
0,998400
0,998400
1,000000
0,999200
1,000000
0,999200
0,999200
0,999200
0,998400
1,000000
0,999200
1,000000
1,000000
1,000000
1,000000
0,998400
0,999200
0,999200
1,000000
0,998400
0,999200
1,000000
0,998400
1,000000
1,000000
0,998400
1,000000
0,999200
1,000000
0,998400
0,999200
1,000000
1,000000
0,999200
0,999200
0,999200
0,998400
1,000000
0,999200
0,997600
1,000000
1,000000
0,997600
0,999200
0,999200
0,999200
1,000000
0,997600
0,997600
0,999200
0,996000
0,999200
0,999200
0,999200
0,999200
0,998400
1,000000
0,998400
1,000000
0,999200
1,000000
1,000000
1,000000
1,000000
1,000000
0,999200
1,000000
0,998400
0,999200
0,999200
1,000000
0,998400
1,000000
1,000000
0,999200
1,000000
0,999200
1,000000
0,999200
1,000000
1,000000
1,000000
1,000000
0,998400
0,999200
0,998400
1,000000
0,997600
0,998400
0,999200
1,000000
1,000000
0,997600
0,999200
1,000000
1,000000
0,999200
0,999200
1,000000
1,000000
1,000000
0,999200
0,999200
0,998400
1,000000
1,000000
1,000000
0,999200
0,999200
1,000000
0,998400
1,000000
1,000000
1,000000
1,000000
0,999200
0,999200
0,997600
1,000000
0,998400
0,998400
0,999200
1,000000
0,999200
0,998400
1,000000
0,998400
0,999200
0,999200
0,999200
0,998400
0,998400
0,999200
0,998400
0,998400
1,000000
0,998400
1,000000
0,999200
0,998400
1,000000
1,000000
0,998400
1,000000
1,000000
0,999200
0,999200
1,000000
1,000000
0,997600
0,999200
0,998400
0,998400
1,000000
0,999200
0,999200
1,000000
0,997600
1,000000
0,998400
0,996800
1,000000
0,998400
0,999200
0,999200
1,000000
0,995200
1,000000
0,999200
0,999200
0,999200
0,999200
1,000000
0,999200
1,000000
0,998400
0,999200
0,999200
0,998400
0,999200
0,999200
1,000000
1,000000
1,000000
0,998400
1,000000
1,000000
0,998400
1,000000
1,000000
0,998400
1,000000
1,000000
1,000000
1,000000
1,000000
1,000000
0,999200
0,997600
1,000000
1,000000
1,000000
0,999200
1,000000
1,000000
0,999200
1,000000
0,999200
0,999200
0,999200
1,000000
1,000000
1,000000
0,998400
0,999200
1,000000
0,999200
1,000000
1,000000
1,000000
0,999200
0,998400
1,000000
1,000000
0,998400
0,998400
0,997600
0,998400
1,000000
1,000000
0,998400
0,999200
1,000000
1,000000
1,000000
1,000000
0,999200
1,000000
1,000000
0,997600
1,000000
1,000000
1,000000
0,999200
0,999200
1,000000
1,000000
0,999200
0,998400
0,999200
0,999200
0,997600
1,000000
1,000000
1,000000
0,998400
0,997600
0,999200
0,996800
1,000000
0,999200
1,000000
1,000000
1,000000
0,998400
0,997600
0,999200
0,999200
0,999200
1,000000
0,999200
0,999200
0,998400
1,000000
1,000000
1,000000
0,998400
0,999200
1,000000
1,000000
1,000000
1,000000
1,000000
0,998400
1,000000
0,998400
0,998400
1,000000
0,998400
0,999200
1,000000
0,998400
0,998400
1,000000
1,000000
0,999200
0,998400
1,000000
1,000000
1,000000
1,000000
0,999200
1,000000
0,998400
1,000000
1,000000
1,000000
0,999200
1,000000
1,000000
0,996800
0,999200
0,998400
0,999200
1,000000
0,999200
0,999200
1,000000
1,000000
0,997600
1,000000
1,000000
0,999200
0,999200
1,000000
1,000000
0,999200
0,998400
1,000000
0,996800
0,999200
0,997600
1,000000
1,000000
0,997600
1,000000
0,997600
0,998400
0,999200
0,999200
0,999200
1,000000
1,000000
1,000000
1,000000
1,000000
0,997600
0,999200
0,998400
1,000000
0,999200
0,998400
1,000000
0,998400
0,999200
0,999200
1,000000
0,998400
1,000000
0,999200
1,000000
0,997600
0,999200
0,999200
0,999200
0,999200
0,999200
1,000000
1,000000
1,000000
1,000000
1,000000
1,000000
1,000000
0,997600
0,999200
0,999200
0,997600
0,996800
1,000000
0,999200
0,999200
1,000000
1,000000
0,997600
0,999200
0,999200
1,000000
0,998400
0,998400
0,999200
0,999200
0,998400
0,997600
0,999200
0,999200
0,999200
0,999200
1,000000
1,000000
1,000000
1,000000
1,000000
0,999200
0,999200
1,000000
0,999200
0,999200
1,000000
0,999200
0,998400
0,999200
1,000000
1,000000
1,000000
0,998400
1,000000
0,999200
0,999200
0,998400
1,000000
0,998400
0,997600
1,000000
1,000000
1,000000
1,000000
0,999200
0,999200
1,000000
0,999200
0,996000
0,996000
0,998400
0,999200
0,997600
0,999200
0,999200
1,000000
0,999200
1,000000
1,000000
1,000000
0,997600
0,999200
0,999200
0,998400
1,000000
0,999200
1,000000
1,000000
1,000000
1,000000
0,998400
0,999200
0,999200
0,999200
0,998400
1,000000
0,998400
1,000000
0,995200
0,999200
1,000000
0,997600
0,999200
0,999200
1,000000
0,999200
0,998400
1,000000
0,999200
0,999200
1,000000
0,999200
0,998400
1,000000
0,999200
0,997600
1,000000
0,999200
0,999200
1,000000
0,998400
0,997600
0,998400
0,997600
0,999200
1,000000
0,998400
1,000000
1,000000
0,998400
0,999200
0,999200
0,999200
1,000000
1,000000
1,000000
1,000000
1,000000
0,998400
1,000000
1,000000
0,999200
1,000000
1,000000
0,999200
0,999200
1,000000
0,998400
0,998400
0,998400
1,000000
1,000000
0,998400
0,998400
1,000000
0,998400
0,999200
1,000000
0,998400
1,000000
0,998400
1,000000
1,000000
0,999200
0,998400
0,999200
0,999200
1,000000
0,997600
1,000000
1,000000
0,999200
1,000000
1,000000
0,999200
1,000000
0,997600
0,999200
1,000000
1,000000
0,999200
1,000000
0,999200
1,000000
1,000000
0,996800
0,997600
1,000000
0,999200
0,998400
1,000000
0,999200
0,999200
0,999200
1,000000
1,000000
0,998400
1,000000
0,999200
0,999200
0,998400
0,999200
1,000000
0,998400
1,000000
0,998400
1,000000
1,000000
0,997600
0,998400
0,999200
1,000000
1,000000
0,999200
1,000000
0,997600
0,999200
1,000000
1,000000
1,000000
1,000000
1,000000
1,000000
0,999200
1,000000
0,999200
1,000000
0,999200
0,998400
1,000000
1,000000
0,999200
1,000000
1,000000
0,999200
0,999200
0,999200
1,000000
0,998400
1,000000
1,000000
0,998400
1,000000
0,999200
1,000000
1,000000
0,999200
1,000000
1,000000
0,999200
1,000000
0,999200
1,000000
0,999200
0,997600
0,999200
1,000000
0,999200
1,000000
1,000000
0,999200
0,999200
1,000000
0,997600
0,998400
1,000000
1,000000
0,995200
0,999200
0,997600
0,999200
1,000000
0,998400
1,000000
0,999200
1,000000
0,998400
1,000000
1,000000
0,999200
1,000000
0,999200
0,999200
0,999200
0,999200
1,000000
1,000000
1,000000
1,000000
0,999200
1,000000
0,999200
0,999200
1,000000
1,000000
1,000000
0,998400
0,999200
0,999200
1,000000
0,999200
1,000000
1,000000
1,000000
1,000000
0,999200
1,000000
0,998400
0,999200
0,999200
1,000000
1,000000
1,000000
1,000000
1,000000
0,998400
1,000000
1,000000
0,997600
0,999200
1,000000
0,999200
1,000000
1,000000
0,999200
1,000000
1,000000
0,998400
1,000000
0,999200
1,000000
0,999200
1,000000
0,997600
0,999200
0,997600
0,999200
1,000000
0,999200
1,000000
0,998400
1,000000
0,998400
1,000000
0,999200
0,997600
0,998400
0,998400
0,998400
0,998400
1,000000
1,000000
1,000000
0,996800
0,998400
0,999200
1,000000
0,999200
0,999200
1,000000
1,000000
1,000000
1,000000
1,000000
1,000000
1,000000
1,000000
1,000000
1,000000
0,998400
1,000000
1,000000
0,999200
1,000000
0,996800
0,999200
1,000000
0,999200
0,999200
0,999200
0,999200
1,000000
1,000000
0,997600
1,000000
1,000000
1,000000
0,999200
0,998400
0,999200
1,000000
0,999200
0,999200
1,000000
1,000000
1,000000
0,998400
0,997600
0,999200
0,999200
0,999200
1,000000
0,999200
0,999200
1,000000
1,000000
0,999200
0,999200
1,000000
0,998400
0,999200
1,000000
1,000000
1,000000
0,999200
1,000000
0,999200
0,998400
1,000000
1,000000
1,000000
0,999200
0,999200
0,998400
0,998400
0,997600
0,997600
1,000000
0,998400
0,999200
0,999200
0,998400
1,000000
1,000000
1,000000
1,000000
0,998400
1,000000
1,000000
1,000000
0,999200
1,000000
0,999200
0,999200
1,000000
0,999200
1,000000
1,000000
0,999200
1,000000
0,998400
0,999200
0,999200
0,999200
1,000000
0,999200
0,999200
0,998400
1,000000
1,000000
1,000000
0,998400
0,999200
0,998400
1,000000
1,000000
0,999200
0,999200
1,000000
1,000000
0,999200
0,998400
0,998400
0,999200
0,999200
0,996000
0,999200
0,999200
1,000000
1,000000
0,998400
0,999200
0,999200
1,000000
0,998400
0,999200
0,999200
0,999200
0,999200
0,998400
0,997600
0,999200
0,998400
0,998400
0,997600
0,999200
0,999200
0,997600
0,999200
0,999200
1,000000
1,000000
1,000000
0,998400
1,000000
0,999200
0,999200
0,999200
1,000000
1,000000
1,000000
0,998400
1,000000
0,999200
0,997600
1,000000
1,000000
1,000000
1,000000
0,999200
0,998400
1,000000
1,000000
0,999200
0,999200
0,999200
0,999200
0,999200
0,999200
0,999200
1,000000
0,999200
0,999200
0,999200
1,000000
0,999200
1,000000
0,999200
0,998400
0,997600
1,000000
0,999200
0,998400
0,999200
1,000000
1,000000
0,998400
1,000000
0,999200
1,000000
0,998400
1,000000
1,000000
1,000000
0,998400
0,999200
0,999200
1,000000
1,000000
0,999200
1,000000
0,999200
0,998400
1,000000
0,999200
1,000000
0,998400
0,999200
0,997600
0,999200
0,999200
0,999200
0,998400
1,000000
1,000000
1,000000
1,000000
0,998400
0,998400
1,000000
0,999200
0,996000
1,000000
1,000000
1,000000
0,997600
0,999200
0,999200
1,000000
0,999200
1,000000
0,999200
1,000000
0,997600
1,000000
1,000000
0,998400
1,000000
0,999200
0,998400
1,000000
0,998400
1,000000
0,999200
1,000000
0,999200
1,000000
1,000000
0,999200
0,996000
1,000000
0,998400
0,999200
1,000000
1,000000
1,000000
0,997600
0,998400
0,999200
0,999200
1,000000
1,000000
0,999200
1,000000
0,999200
0,999200
1,000000
1,000000
0,998400
0,999200
0,998400
0,998400
0,998400
0,999200
0,999200
0,999200
0,997600
1,000000
1,000000
0,998400
1,000000
0,998400
0,999200
1,000000
0,999200
0,998400
0,997600
0,999200
1,000000
1,000000
0,998400
0,999200
1,000000
0,999200
0,998400
0,999200
0,999200
0,999200
1,000000
0,999200
0,997600
0,999200
1,000000
1,000000
0,999200
0,997600
1,000000
1,000000
0,997600
0,998400
1,000000
1,000000
0,999200
0,998400
0,997600
0,999200
0,998400
1,000000
0,998400
1,000000
0,999200
1,000000
0,997600
1,000000
1,000000
0,997600
0,998400
0,999200
1,000000
0,997600
1,000000
1,000000
0,998400
1,000000
1,000000
0,997600
1,000000
0,999200
0,998400
1,000000
0,999200
1,000000
0,996000
1,000000
0,999200
1,000000
0,999200
0,997600
0,998400
0,998400
1,000000
0,999200
1,000000
1,000000
0,999200
1,000000
1,000000
1,000000
0,998400
0,998400
1,000000
0,999200
0,999200
1,000000
0,999200
1,000000
1,000000
0,999200
1,000000
1,000000
1,000000
1,000000
1,000000
1,000000
0,999200
0,999200
0,999200
1,000000
0,999200
1,000000
0,999200
1,000000
0,999200
1,000000
0,999200
0,999200
1,000000
1,000000
1,000000
0,998400
0,997600
1,000000
0,998400
1,000000
0,998400
0,997600
1,000000
0,999200
0,999200
0,999200
1,000000
0,996800
1,000000
1,000000
1,000000
1,000000
1,000000
1,000000
1,000000
0,999200
0,998400
1,000000
0,999200
0,998400
1,000000
0,999200
0,999200
0,998400
0,998400
1,000000
0,999200
0,997600
1,000000
0,999200
1,000000
1,000000
1,000000
1,000000
1,000000
0,999200
0,998400
0,998400
0,997600
0,999200
1,000000
1,000000
1,000000
1,000000
1,000000
1,000000
0,999200
1,000000
1,000000
1,000000
0,999200
1,000000
0,999200
1,000000
0,999200
1,000000
1,000000
0,999200
0,999200
1,000000
1,000000
1,000000
0,999200
0,999200
1,000000
1,000000
1,000000
1,000000
1,000000
1,000000
0,999200
1,000000
1,000000
0,999200
0,999200
0,999200
0,998400
0,996800
1,000000
1,000000
0,995200
0,999200
1,000000
1,000000
1,000000
0,998400
0,998400
0,998400
1,000000
0,997600
0,996800
0,997600
0,998400
0,999200
0,999200
0,999200
0,999200
1,000000
1,000000
1,000000
1,000000
0,997600
0,997600
0,997600
0,999200
1,000000
1,000000
0,999200
1,000000
0,996800
1,000000
1,000000
0,998400
0,999200
1,000000
0,998400
1,000000
1,000000
1,000000
1,000000
1,000000
0,999200
1,000000
1,000000
1,000000
0,999200
1,000000
0,999200
0,998400
1,000000
0,996000
0,998400
0,999200
0,999200
1,000000
1,000000
1,000000
0,997600
0,999200
1,000000
0,997600
0,997600
0,999200
1,000000
0,998400
1,000000
0,999200
0,998400
1,000000
0,997600
0,999200
0,999200
0,999200
0,999200
1,000000
0,999200
0,999200
1,000000
0,999200
1,000000
0,999200
0,999200
0,998400
0,999200
1,000000
0,997600
0,999200
1,000000
0,999200
0,998400
0,999200
1,000000
0,999200
1,000000
1,000000
0,999200
0,998400
0,996800
0,998400
0,999200
1,000000
1,000000
1,000000
0,999200
0,998400
0,999200
1,000000
0,998400
1,000000
1,000000
0,999200
1,000000
0,999200
1,000000
1,000000
0,997600
0,999200
0,999200
1,000000
0,997600
0,998400
0,997600
1,000000
1,000000
1,000000
0,999200
1,000000
0,998400
0,998400
1,000000
1,000000
0,999200
0,998400
1,000000
0,999200
1,000000
1,000000
0,999200
0,999200
0,999200
1,000000
0,998400
0,997600
1,000000
0,999200
1,000000
1,000000
0,998400
0,999200
0,998400
1,000000
0,999200
1,000000
0,998400
1,000000
0,998400
1,000000
0,999200
0,999200
0,999200
0,998400
0,998400
0,999200
0,999200
1,000000
0,998400
0,999200
0,999200
1,000000
0,999200
0,999200
1,000000
0,998400
0,998400
0,999200
0,999200
0,998400
0,999200
1,000000
0,999200
0,998400
1,000000
1,000000
1,000000
0,999200
1,000000
1,000000
0,998400
0,999200
0,999200
1,000000
0,998400
0,997600
0,999200
1,000000
0,999200
0,999200
1,000000
0,999200
1,000000
1,000000
1,000000
0,999200
0,999200
0,997600
0,997600
1,000000
1,000000
1,000000
0,999200
0,997600
1,000000
0,998400
1,000000
0,998400
0,999200
0,999200
1,000000
0,998400
0,999200
0,999200
0,999200
1,000000
0,999200
1,000000
0,998400
1,000000
0,999200
0,999200
1,000000
1,000000
1,000000
1,000000
1,000000
0,998400
1,000000
1,000000
0,999200
1,000000
1,000000
0,997600
0,999200
1,000000
0,999200
1,000000
0,999200
0,999200
1,000000
1,000000
1,000000
1,000000
1,000000
0,998400
1,000000
0,999200
0,999200
0,999200
0,999200
0,999200
0,999200
0,998400
1,000000
0,999200
0,999200
0,998400
0,999200
0,999200
0,997600
1,000000
1,000000
0,998400
0,997600
0,997600
1,000000
0,998400
1,000000
0,999200
1,000000
0,999200
0,996800
0,999200
1,000000
0,999200
1,000000
0,999200
0,999200
1,000000
1,000000
0,999200
1,000000
0,999200
1,000000
0,999200
1,000000
1,000000
0,998400
0,996800
0,997600
1,000000
0,999200
0,999200
0,998400
0,998400
0,999200
0,998400
1,000000
1,000000
1,000000
1,000000
1,000000
1,000000
0,999200
0,998400
1,000000
1,000000
0,999200
0,999200
0,999200
1,000000
1,000000
0,999200
0,999200
0,998400
0,999200
1,000000
0,998400
0,999200
1,000000
0,999200
1,000000
1,000000
1,000000
0,999200
1,000000
1,000000
0,999200
0,998400
0,999200
0,998400
1,000000
0,999200
0,999200
1,000000
0,996000
0,999200
0,999200
0,996800
0,998400
1,000000
0,999200
0,999200
0,996800
0,998400
0,998400
0,998400
1,000000
0,997600
1,000000
0,998400
1,000000
0,999200
1,000000
1,000000
0,999200
0,998400
1,000000
0,998400
1,000000
0,999200
0,999200
1,000000
1,000000
1,000000
1,000000
1,000000
0,999200
0,999200
0,999200
0,999200
0,999200
0,997600
0,999200
0,998400
1,000000
0,998400
0,999200
0,999200
1,000000
1,000000
1,000000
0,998400
1,000000
1,000000
1,000000
1,000000
1,000000
0,999200
0,999200
1,000000
0,997600
0,998400
0,998400
1,000000
0,999200
0,999200
1,000000
0,999200
0,998400
0,998400
0,999200
0,996800
1,000000
0,999200
1,000000
0,997600
0,999200
0,999200
1,000000
0,999200
0,998400
1,000000
0,999200
1,000000
1,000000
0,999200
1,000000
0,999200
1,000000
0,998400
0,999200
1,000000
0,999200
1,000000
0,998400
0,999200
0,997600
1,000000
0,999200
1,000000
0,998400
1,000000
0,999200
0,999200
0,998400
0,999200
0,999200
0,999200
1,000000
0,999200
1,000000
1,000000
1,000000
0,998400
1,000000
0,999200
0,997600
0,999200
1,000000
1,000000
0,999200
1,000000
0,997600
0,999200
0,998400
0,999200
1,000000
1,000000
0,999200
0,997600
0,998400
0,999200
0,998400
0,999200
0,999200
0,998400
1,000000
0,999200
1,000000
0,999200
1,000000
1,000000
0,999200
1,000000
0,999200
0,998400
1,000000
0,999200
1,000000
0,996800
1,000000
0,998400
1,000000
1,000000
0,999200
0,999200
0,999200
0,999200
0,998400
0,999200
1,000000
0,999200
0,999200
1,000000
0,998400
0,998400
1,000000
1,000000
0,998400
0,999200
1,000000
1,000000
1,000000
1,000000
1,000000
0,998400
1,000000
0,998400
0,998400
0,999200
1,000000
0,998400
0,999200
0,999200
0,999200
0,997600
0,998400
1,000000
1,000000
0,995200
0,999200
0,999200
0,999200
1,000000
0,999200
0,999200
1,000000
1,000000
0,996800
1,000000
0,999200
0,998400
0,999200
0,998400
1,000000
1,000000
1,000000
1,000000
0,997600
0,999200
0,998400
0,999200
0,999200
0,996800
0,999200
1,000000
1,000000
1,000000
1,000000
0,998400
1,000000
1,000000
1,000000
0,999200
1,000000
1,000000
0,999200
0,998400
1,000000
1,000000
1,000000
0,998400
0,997600
1,000000
1,000000
0,999200
0,999200
0,999200
1,000000
0,998400
1,000000
0,999200
1,000000
1,000000
0,999200
1,000000
0,999200
0,999200
0,997600
0,998400
1,000000
1,000000
1,000000
1,000000
1,000000
0,998400
0,999200
0,998400
1,000000
0,998400
1,000000
0,997600
0,999200
0,999200
0,996800
1,000000
1,000000
1,000000
0,999200
0,999200
0,999200
1,000000
0,999200
0,997600
0,999200
0,996800
0,999200
0,999200
1,000000
1,000000
0,999200
1,000000
1,000000
1,000000
0,998400
0,998400
0,997600
1,000000
0,999200
0,999200
1,000000
0,999200
1,000000
0,999200
0,997600
0,999200
0,998400
0,999200
0,997600
0,999200
0,998400
0,998400
1,000000
1,000000
1,000000
1,000000
0,998400
1,000000
1,000000
1,000000
1,000000
0,998400
1,000000
0,998400
0,999200
1,000000
0,998400
1,000000
0,997600
1,000000
1,000000
0,999200
0,997600
1,000000
1,000000
0,998400
0,999200
0,999200
1,000000
0,999200
0,999200
1,000000
0,998400
0,998400
0,999200
0,999200
1,000000
0,999200
1,000000
1,000000
0,999200
0,998400
0,996000
1,000000
1,000000
0,999200
1,000000
1,000000
0,999200
1,000000
1,000000
1,000000
1,000000
1,000000
0,999200
1,000000
0,999200
0,998400
0,999200
0,997600
1,000000
0,999200
1,000000
0,998400
0,999200
1,000000
1,000000
0,999200
1,000000
0,997600
0,999200
0,997600
0,998400
1,000000
1,000000
1,000000
1,000000
1,000000
1,000000
0,999200
0,998400
0,998400
0,999200
1,000000
0,999200
0,997600
0,997600
0,999200
0,998400
0,999200
1,000000
1,000000
0,999200
0,996800
1,000000
0,998400
1,000000
0,999200
0,998400
1,000000
0,998400
1,000000
0,998400
1,000000
1,000000
0,999200
1,000000
0,998400
1,000000
0,999200
0,999200
0,999200
0,999200
0,996800
0,999200
0,999200
0,999200
0,998400
0,999200
1,000000
1,000000
0,999200
0,999200
0,998400
1,000000
1,000000
1,000000
0,997600
0,999200
1,000000
1,000000
1,000000
0,999200
0,998400
0,998400
0,997600
0,999200
1,000000
1,000000
1,000000
1,000000
0,999200
0,999200
0,999200
0,998400
0,999200
0,999200
0,999200
0,998400
1,000000
1,000000
0,999200
0,997600
0,999200
0,999200
0,999200
0,999200
0,999200
1,000000
0,999200
0,999200
1,000000
0,999200
0,997600
0,999200
0,999200
1,000000
1,000000
0,999200
0,999200
0,999200
1,000000
1,000000
0,998400
0,998400
1,000000
0,998400
1,000000
1,000000
1,000000
0,998400
1,000000
0,999200
0,999200
0,999200
0,999200
1,000000
1,000000
1,000000
0,999200
0,997600
0,999200
0,999200
0,999200
1,000000
0,999200
0,999200
1,000000
0,998400
0,996800
0,999200
0,999200
1,000000
1,000000
0,998400
0,997600
0,999200
1,000000
1,000000
1,000000
0,999200
1,000000
1,000000
1,000000
1,000000
0,999200
0,999200
0,998400
0,999200
0,998400
0,999200
1,000000
1,000000
0,999200
1,000000
0,999200
0,999200
0,999200
0,998400
1,000000
0,999200
0,997600
0,999200
0,998400
1,000000
0,999200
0,997600
0,998400
0,999200
1,000000
1,000000
0,999200
0,999200
1,000000
1,000000
1,000000
0,999200
0,997600
0,999200
1,000000
0,998400
0,998400
1,000000
1,000000
1,000000
0,999200
0,998400
1,000000
0,999200
1,000000
0,999200
1,000000
0,997600
1,000000
0,999200
0,999200
0,999200
1,000000
0,997600
1,000000
0,999200
0,998400
0,999200
0,998400
0,998400
0,997600
1,000000
1,000000
1,000000
0,999200
1,000000
0,999200
1,000000
1,000000
0,998400
1,000000
0,998400
0,999200
1,000000
1,000000
1,000000
1,000000
0,998400
0,999200
0,999200
0,999200
1,000000
0,999200
0,999200
0,999200
0,999200
0,999200
1,000000
0,999200
1,000000
0,999200
0,998400
1,000000
0,998400
1,000000
1,000000
0,999200
1,000000
1,000000
0,999200
1,000000
0,999200
1,000000
1,000000
1,000000
0,999200
0,998400
0,999200
0,999200
1,000000
0,998400
1,000000
0,999200
0,999200
0,999200
0,999200
0,998400
1,000000
0,999200
0,998400
0,997600
1,000000
1,000000
1,000000
1,000000
1,000000
0,999200
0,999200
0,999200
0,999200
0,998400
0,999200
1,000000
1,000000
0,998400
1,000000
0,999200
0,999200
0,997600
1,000000
0,999200
0,998400
1,000000
0,998400
0,996000
1,000000
0,999200
1,000000
0,998400
0,999200
0,998400
0,999200
0,999200
1,000000
0,998400
1,000000
1,000000
1,000000
0,999200
0,998400
0,997600
1,000000
0,998400
1,000000
1,000000
0,998400
1,000000
0,999200
0,999200
0,999200
0,998400
0,999200
1,000000
1,000000
0,999200
1,000000
0,998400
0,998400
0,999200
0,998400
1,000000
1,000000
1,000000
0,999200
1,000000
0,999200
0,999200
0,999200
0,999200
0,999200
0,999200
0,998400
0,999200
0,999200
0,998400
0,999200
0,999200
1,000000
0,999200
0,999200
0,998400
1,000000
1,000000
0,998400
0,999200
0,996800
0,998400
0,996800
0,999200
1,000000
0,996800
0,999200
1,000000
0,999200
1,000000
0,997600
0,999200
0,997600
1,000000
0,999200
0,999200
0,998400
1,000000
1,000000
0,998400
1,000000
1,000000
1,000000
1,000000
1,000000
1,000000
0,998400
1,000000
0,999200
1,000000
0,998400
0,999200
0,999200
1,000000
1,000000
1,000000
1,000000
1,000000
0,997600
1,000000
0,999200
0,997600
0,999200
1,000000
1,000000
1,000000
1,000000
1,000000
0,998400
0,998400
1,000000
1,000000
1,000000
1,000000
1,000000
1,000000
0,999200
0,999200
0,999200
0,999200
0,998400
1,000000
0,999200
0,997600
1,000000
0,999200
1,000000
0,998400
0,998400
1,000000
0,999200
1,000000
1,000000
0,999200
1,000000
1,000000
0,998400
0,999200
0,998400
0,999200
1,000000
0,999200
1,000000
1,000000
1,000000
1,000000
0,999200
0,999200
1,000000
0,999200
0,999200
1,000000
0,999200
0,997600
0,999200
1,000000
1,000000
0,999200
0,998400
1,000000
0,999200
0,998400
1,000000
0,999200
0,998400
0,999200
1,000000
1,000000
0,999200
0,999200
0,999200
1,000000
1,000000
0,998400
0,997600
1,000000
0,999200
1,000000
0,999200
1,000000
1,000000
0,998400
1,000000
0,999200
0,999200
0,997600
1,000000
1,000000
0,998400
1,000000
0,997600
0,997600
1,000000
1,000000
1,000000
0,999200
0,998400
0,999200
0,999200
1,000000
1,000000
0,998400
0,999200
1,000000
0,999200
1,000000
1,000000
1,000000
1,000000
0,997600
0,999200
0,997600
1,000000
0,998400
0,999200
1,000000
0,998400
1,000000
0,997600
0,998400
1,000000
0,997600
1,000000
1,000000
0,999200
0,998400
1,000000
0,999200
1,000000
1,000000
1,000000
1,000000
1,000000
1,000000
1,000000
1,000000
0,998400
1,000000
0,999200
0,998400
0,999200
0,999200
0,999200
0,999200
0,999200
0,999200
1,000000
0,999200
0,999200
1,000000
0,997600
1,000000
1,000000
0,998400
0,999200
0,998400
1,000000
0,999200
0,997600
0,998400
1,000000
1,000000
0,999200
0,997600
0,999200
0,999200
1,000000
0,998400
0,999200
1,000000
0,999200
1,000000
0,999200
1,000000
0,998400
1,000000
0,998400
1,000000
1,000000
0,999200
0,999200
0,997600
0,998400
1,000000
1,000000
0,999200
0,999200
1,000000
0,998400
1,000000
1,000000
0,998400
1,000000
0,998400
1,000000
0,997600
0,999200
1,000000
0,998400
0,999200
0,999200
0,999200
0,996000
0,999200
1,000000
0,999200
0,999200
1,000000
0,999200
1,000000
1,000000
1,000000
0,999200
1,000000
1,000000
0,999200
1,000000
1,000000
1,000000
0,997600
1,000000
1,000000
0,996800
0,998400
0,998400
0,998400
1,000000
0,999200
1,000000
0,999200
1,000000
0,998400
0,999200
1,000000
1,000000
1,000000
0,999200
0,998400
0,999200
0,997600
0,999200
0,999200
0,999200
0,999200
0,999200
0,999200
0,997600
1,000000
1,000000
0,999200
0,998400
0,997600
1,000000
1,000000
1,000000
1,000000
0,999200
0,998400
1,000000
1,000000
1,000000
0,999200
1,000000
1,000000
1,000000
0,999200
0,997600
0,999200
0,998400
0,998400
0,999200
0,999200
0,999200
0,999200
0,999200
1,000000
1,000000
0,999200
0,999200
0,999200
0,999200
1,000000
1,000000
1,000000
0,999200
0,999200
1,000000
1,000000
0,999200
1,000000
1,000000
0,999200
0,998400
1,000000
1,000000
0,999200
0,999200
1,000000
1,000000
0,998400
0,999200
1,000000
0,999200
1,000000
1,000000
0,996800
0,999200
0,998400
1,000000
1,000000
0,999200
0,999200
1,000000
0,999200
1,000000
1,000000
0,999200
0,999200
1,000000
0,998400
0,999200
1,000000
1,000000
0,998400
1,000000
0,999200
1,000000
1,000000
0,999200
0,999200
0,999200
1,000000
0,998400
0,999200
0,999200
0,998400
1,000000
1,000000
1,000000
1,000000
1,000000
0,999200
0,999200
0,999200
1,000000
1,000000
1,000000
1,000000
0,997600
0,999200
1,000000
0,996800
1,000000
1,000000
0,999200
0,999200
1,000000
1,000000
1,000000
0,999200
0,999200
1,000000
0,999200
1,000000
0,999200
0,998400
1,000000
1,000000
0,999200
0,998400
0,997600
1,000000
1,000000
0,998400
1,000000
1,000000
0,998400
1,000000
1,000000
1,000000
1,000000
0,998400
0,998400
0,999200
1,000000
1,000000
1,000000
0,999200
0,997600
1,000000
1,000000
0,999200
0,999200
0,997600
0,999200
0,999200
0,999200
0,997600
1,000000
1,000000
0,999200
0,999200
0,998400
0,999200
0,998400
1,000000
0,999200
0,999200
1,000000
0,997600
0,999200
0,999200
1,000000
1,000000
1,000000
0,999200
0,999200
1,000000
0,999200
1,000000
1,000000
0,998400
1,000000
1,000000
1,000000
0,999200
0,999200
0,999200
0,999200
1,000000
1,000000
1,000000
0,999200
0,999200
0,999200
1,000000
0,998400
0,998400
0,999200
0,999200
1,000000
1,000000
1,000000
1,000000
0,999200
0,999200
0,999200
0,999200
1,000000
0,999200
0,999200
0,999200
0,999200
0,999200
0,999200
0,999200
1,000000
1,000000
0,997600
0,998400
0,999200
1,000000
1,000000
0,999200
0,999200
1,000000
0,999200
0,999200
1,000000
0,999200
0,999200
0,999200
1,000000
0,997600
1,000000
1,000000
0,998400
1,000000
1,000000
0,998400
0,999200
1,000000
0,998400
1,000000
0,999200
0,999200
1,000000
0,999200
0,996800
1,000000
0,996800
0,999200
0,996800
0,999200
0,999200
1,000000
0,998400
0,999200
0,999200
0,997600
0,998400
1,000000
1,000000
0,997600
1,000000
1,000000
0,998400
0,999200
0,997600
1,000000
1,000000
1,000000
1,000000
0,998400
0,997600
0,999200
1,000000
1,000000
1,000000
1,000000
0,999200
0,998400
1,000000
1,000000
1,000000
0,998400
0,998400
1,000000
0,999200
0,996800
1,000000
0,998400
1,000000
0,998400
0,996800
0,999200
0,998400
0,999200
0,999200
0,998400
0,998400
1,000000
0,998400
0,996000
1,000000
0,999200
0,999200
0,997600
0,998400
0,999200
1,000000
0,999200
0,999200
0,997600
1,000000
1,000000
1,000000
1,000000
1,000000
1,000000
1,000000
0,999200
1,000000
1,000000
0,999200
1,000000
1,000000
1,000000
0,998400
0,999200
0,999200
0,998400
0,999200
1,000000
1,000000
0,999200
0,998400
0,999200
0,999200
1,000000
0,998400
1,000000
1,000000
0,999200
1,000000
1,000000
0,998400
0,999200
1,000000
1,000000
0,998400
1,000000
1,000000
0,999200
0,999200
1,000000
1,000000
0,999200
0,998400
0,999200
0,998400
1,000000
1,000000
1,000000
0,999200
0,999200
0,999200
1,000000
0,999200
1,000000
1,000000
1,000000
0,999200
0,998400
0,999200
1,000000
0,999200
0,998400
0,999200
1,000000
0,996800
0,998400
0,999200
1,000000
0,996800
0,999200
1,000000
0,999200
0,998400
0,999200
0,999200
1,000000
0,999200
0,998400
0,999200
0,999200
1,000000
1,000000
1,000000
0,999200
0,997600
0,999200
1,000000
0,999200
0,999200
1,000000
1,000000
0,998400
0,998400
1,000000
0,999200
0,998400
0,998400
0,997600
1,000000
0,998400
0,998400
1,000000
0,999200
0,999200
0,999200
1,000000
1,000000
0,999200
1,000000
0,998400
1,000000
1,000000
1,000000
0,999200
0,999200
0,999200
0,999200
1,000000
0,999200
0,999200
0,999200
1,000000
0,999200
0,998400
0,998400
0,998400
0,999200
0,999200
1,000000
1,000000
0,999200
0,999200
1,000000
0,998400
1,000000
0,999200
0,999200
0,999200
0,999200
0,998400
0,999200
0,999200
1,000000
0,998400
1,000000
0,999200
0,999200
1,000000
0,998400
0,999200
1,000000
0,999200
0,999200
0,999200
0,999200
0,999200
0,998400
1,000000
1,000000
1,000000
0,998400
1,000000
0,998400
0,997600
0,998400
0,999200
0,998400
1,000000
0,999200
1,000000
1,000000
0,999200
1,000000
1,000000
0,999200
0,999200
0,998400
1,000000
1,000000
0,999200
1,000000
1,000000
0,999200
0,999200
0,999200
1,000000
0,999200
1,000000
1,000000
0,996800
0,997600
0,998400
0,998400
1,000000
1,000000
1,000000
1,000000
1,000000
1,000000
0,998400
1,000000
1,000000
1,000000
0,999200
0,997600
1,000000
1,000000
0,999200
0,999200
1,000000
0,998400
0,999200
0,999200
1,000000
1,000000
0,998400
0,998400
0,999200
1,000000
1,000000
0,999200
1,000000
0,999200
0,999200
1,000000
1,000000
1,000000
1,000000
1,000000
1,000000
1,000000
0,999200
